6.871986133200000040e+05	4.309653051219999790e+06	6.872070368699999526e+05	4.309681129730000161e+06
6.880690471200000029e+05	4.308734883949999698e+06	6.880550078699999722e+05	4.308712421140000224e+06
6.886362330200000433e+05	4.309172908699999563e+06	6.886334251699999440e+05	4.309178524410000071e+06
6.884368756000000285e+05	4.308577644299999811e+06	6.884228363499999978e+05	4.308572028590000235e+06
6.879342702800000552e+05	4.309959106979999691e+06	6.878949603600000264e+05	4.309989993339999579e+06
6.881111648900000146e+05	4.309785020220000297e+06	6.881111648900000146e+05	4.309785020220000297e+06
6.881308198499999708e+05	4.309639011970000342e+06	6.881280119999999879e+05	4.309644627670000307e+06
6.885351503899999661e+05	4.309321724809999578e+06	6.885323425399999833e+05	4.309279607040000148e+06
6.876787558399999980e+05	4.309245912829999812e+06	6.876562930299999425e+05	4.309259952080000192e+06
6.886951978899999522e+05	4.309341379759999923e+06	6.886839664900000207e+05	4.309352611170000397e+06
6.897032164000000339e+05	4.309532313629999757e+06	6.897032164000000339e+05	4.309529505780000240e+06
6.896554829300000565e+05	4.309150445899999700e+06	6.896414436699999496e+05	4.309158869450000115e+06
6.895375531900000060e+05	4.309139214490000159e+06	6.895431688899999717e+05	4.309158869450000115e+06
6.894954354199999943e+05	4.309004437649999745e+06	6.894954354199999943e+05	4.308993206240000203e+06
6.896751378900000127e+05	4.309032516160000116e+06	6.896723300299999537e+05	4.309021284749999642e+06
6.886390408700000262e+05	4.309582854949999601e+06	6.886418487200000091e+05	4.309577239249999635e+06
6.891697247099999804e+05	4.308925817820000462e+06	6.891641090100000147e+05	4.308920202119999565e+06
6.892483445399999619e+05	4.308847197990000248e+06	6.892399209800000535e+05	4.308850005839999765e+06
6.891753404099999461e+05	4.308858429390000179e+06	6.891781482600000454e+05	4.308855621539999731e+06
6.893325800700000254e+05	4.308830350879999809e+06	6.893297722200000426e+05	4.308835966590000317e+06
6.893213486600000178e+05	4.308748923209999688e+06	6.893269643599999836e+05	4.308762962460000068e+06
6.892511523899999447e+05	4.308777001720000058e+06	6.892539602400000440e+05	4.308765770309999585e+06
6.892455366899999790e+05	4.308678726929999888e+06	6.892455366899999790e+05	4.308675919080000371e+06
6.893943527900000336e+05	4.308650648420000449e+06	6.893831213800000260e+05	4.308650648420000449e+06
6.893999684899999993e+05	4.308712421140000224e+06	6.893943527900000336e+05	4.308720844700000249e+06
6.895515924400000367e+05	4.308608530659999698e+06	6.895403610399999889e+05	4.308611338510000147e+06
6.895684395500000101e+05	4.308664687680000439e+06	6.895487845900000539e+05	4.308673111229999922e+06
6.896133651600000449e+05	4.308754538909999654e+06	6.896049416099999798e+05	4.308754538909999654e+06
6.895431688899999717e+05	4.308768578160000034e+06	6.895375531900000060e+05	4.308774193859999999e+06
6.896639064800000051e+05	4.308560797190000303e+06	6.896498672299999744e+05	4.308569220739999786e+06
6.893718899799999781e+05	4.308524295130000450e+06	6.893662742800000124e+05	4.308527102979999967e+06
6.899952328999999445e+05	4.309015669049999677e+06	6.899868093400000362e+05	4.309007245500000194e+06
6.896386358199999668e+05	4.308493408769999631e+06	6.896161730199999874e+05	4.308518679429999553e+06
6.904332576500000432e+05	4.309574431389999576e+06	6.904304497999999439e+05	4.309588470649999566e+06
6.903490221199999796e+05	4.309768173109999858e+06	6.903434064200000139e+05	4.309785020220000297e+06
6.909274394199999515e+05	4.309995609039999545e+06	6.909358629799999762e+05	4.309978761939999647e+06
6.908656666999999434e+05	4.308850005839999765e+06	6.908572431499999948e+05	4.308835966590000317e+06
6.909442865300000412e+05	4.308850005839999765e+06	6.909386708299999591e+05	4.308830350879999809e+06
6.909162080200000200e+05	4.308880892199999653e+06	6.909190158700000029e+05	4.308889315759999678e+06
6.909583257799999556e+05	4.309203795069999993e+06	6.909414786799999420e+05	4.309212218620000407e+06
6.923650591299999505e+05	4.309922604919999838e+06	6.923819062299999641e+05	4.309919797070000321e+06
6.926346128200000385e+05	4.309768173109999858e+06	6.926430363699999871e+05	4.309790635920000263e+06
6.922387058299999917e+05	4.309829945829999633e+06	6.922527450899999822e+05	4.309835561540000141e+06
6.931203710399999982e+05	4.309425615290000103e+06	6.931203710399999982e+05	4.309453693799999543e+06
6.932326850799999665e+05	4.309681129730000161e+06	6.932354929299999494e+05	4.309706400390000083e+06
6.929378607299999567e+05	4.309717631790000014e+06	6.929406685800000560e+05	4.309726055350000039e+06
6.910285220599999884e+05	4.308864045099999756e+06	6.910116749500000151e+05	4.308872468650000170e+06
6.908319724899999565e+05	4.308574836450000294e+06	6.908067018300000345e+05	4.308569220739999786e+06
6.905315324399999809e+05	4.308013266250000335e+06	6.905343402899999637e+05	4.308030113359999843e+06
6.904248340999999782e+05	4.307785830319999717e+06	6.904332576500000432e+05	4.307783022470000200e+06
6.903855241799999494e+05	4.307802677430000156e+06	6.903771006300000008e+05	4.307794253870000131e+06
6.902675944400000153e+05	4.307965532780000009e+06	6.902563630399999674e+05	4.307976764189999551e+06
6.915760529999999562e+05	4.307665092729999684e+06	6.915676294500000076e+05	4.307681939829999581e+06
6.894111998900000472e+05	4.307681939829999581e+06	6.894027763399999822e+05	4.307690363389999606e+06
6.894196234499999555e+05	4.307628590660000220e+06	6.894140077400000300e+05	4.307634206369999796e+06
6.893859292300000088e+05	4.307566817940000445e+06	6.893831213800000260e+05	4.307572433650000021e+06
6.899587308300000150e+05	4.307780214619999751e+06	6.899503072799999500e+05	4.307780214619999751e+06
6.906719249800000107e+05	4.307914991460000165e+06	6.906691171300000278e+05	4.307920607169999741e+06
6.907730076200000476e+05	4.308341784810000099e+06	6.907701997699999483e+05	4.308353016219999641e+06
6.897762205199999735e+05	4.308664687680000439e+06	6.897734126699999906e+05	4.308687150480000302e+06
6.895544002900000196e+05	4.308838774439999834e+06	6.895431688899999717e+05	4.308838774439999834e+06
6.911267968399999663e+05	4.307676324129999615e+06	6.911155654400000349e+05	4.307681939829999581e+06
6.897481420099999523e+05	4.307783022470000200e+06	6.897509498600000516e+05	4.307783022470000200e+06
6.899390758800000185e+05	4.308381094730000012e+06	6.899418837300000014e+05	4.308383902580000460e+06
6.905034539299999597e+05	4.307406770440000109e+06	6.905034539299999597e+05	4.307406770440000109e+06
6.910397534600000363e+05	4.307367460520000197e+06	6.910369456100000534e+05	4.307392731180000119e+06
6.911717224599999608e+05	4.307378691929999739e+06	6.911689146099999780e+05	4.307395539029999636e+06
6.905174931799999904e+05	4.307561202239999548e+06	6.905315324399999809e+05	4.307575241499999538e+06
6.910032513999999501e+05	4.307322534909999929e+06	6.909920200000000186e+05	4.307333766309999861e+06
6.908740902500000084e+05	4.306848008089999668e+06	6.909021687600000296e+05	4.306845200240000151e+06
6.911829538600000087e+05	4.306598109349999577e+06	6.911829538600000087e+05	4.306595301500000060e+06
6.913570406199999852e+05	4.306432446150000207e+06	6.913514249200000195e+05	4.306412791190000251e+06
6.917220612500000279e+05	4.306207818070000038e+06	6.917192534000000451e+05	4.306221857320000418e+06
6.906635014299999457e+05	4.306982784939999692e+06	6.906550778799999971e+05	4.306996824190000072e+06
6.905231088799999561e+05	4.306238704429999925e+06	6.905146853300000075e+05	4.306247127980000339e+06
6.904894146699999692e+05	4.306185355259999633e+06	6.904781832700000377e+05	4.306190970959999599e+06
6.902507473400000017e+05	4.306351018469999544e+06	6.902451316299999598e+05	4.306345402769999579e+06
6.902002060200000415e+05	4.306278014340000227e+06	6.902114374199999729e+05	4.306283630049999803e+06
6.902451316299999598e+05	4.306233088729999959e+06	6.902367080800000113e+05	4.306247127980000339e+06
6.901777432099999860e+05	4.306137621790000238e+06	6.901608961099999724e+05	4.306143237499999814e+06
6.901131626399999950e+05	4.306227473029999994e+06	6.900991233800000045e+05	4.306224665169999935e+06
6.902170531300000148e+05	4.306362249870000407e+06	6.902114374199999729e+05	4.306370673430000432e+06
6.898997659599999897e+05	4.306581262249999680e+06	6.898913424100000411e+05	4.306584070100000128e+06
6.897902597799999639e+05	4.306435253999999724e+06	6.897762205199999735e+05	4.306440869699999690e+06
6.897509498600000516e+05	4.306421214739999734e+06	6.897593734199999599e+05	4.306407175490000285e+06
6.898576482000000542e+05	4.306606532909999602e+06	6.898548403499999549e+05	4.306609340760000050e+06
6.897565655600000173e+05	4.306452101099999622e+06	6.897425263099999866e+05	4.306477371759999543e+06
6.896723300299999537e+05	4.306727270499999635e+06	6.896779457399999956e+05	4.306730078350000083e+06
6.900654291700000176e+05	4.306109543279999867e+06	6.900513899199999869e+05	4.306126390390000306e+06
6.899446915799999842e+05	4.306199394519999623e+06	6.899334601800000528e+05	4.306210625919999555e+06
6.907168506000000052e+05	4.305963535029999912e+06	6.907168506000000052e+05	4.305960727180000395e+06
6.899418837300000014e+05	4.306039347009999678e+06	6.899166130699999630e+05	4.306053386260000058e+06
6.887906648300000234e+05	4.307008055599999614e+06	6.887794334200000158e+05	4.307010863450000063e+06
6.888412061400000239e+05	4.306623380010000430e+06	6.888355904400000582e+05	4.306614956460000016e+06
6.888580532499999972e+05	4.306370673430000432e+06	6.888552454000000143e+05	4.306387520530000329e+06
6.888580532499999972e+05	4.306336979209999554e+06	6.888608610999999801e+05	4.306334171360000037e+06
6.894701647599999560e+05	4.306657074230000377e+06	6.894842040199999465e+05	4.306654266370000318e+06
6.896358279699999839e+05	4.306760964709999971e+06	6.896245965700000525e+05	4.306755349010000005e+06
6.895094746799999848e+05	4.306836776689999737e+06	6.895178982300000498e+05	4.306839584540000185e+06
6.893073094099999871e+05	4.306760964709999971e+06	6.893129251099999528e+05	4.306769388260000385e+06
6.894308548500000034e+05	4.306679537030000240e+06	6.894196234499999555e+05	4.306690768439999782e+06
6.894420862500000512e+05	4.306617764310000464e+06	6.894448941099999938e+05	4.306603725060000084e+06
6.897032164000000339e+05	4.306443677550000139e+06	6.896947928400000092e+05	4.306438061850000173e+06
6.894196234499999555e+05	4.306370673430000432e+06	6.894364705499999691e+05	4.306367865570000373e+06
6.894027763399999822e+05	4.306640227119999938e+06	6.893887370899999514e+05	4.306651458519999869e+06
6.893746978299999610e+05	4.306381904830000363e+06	6.893634664300000295e+05	4.306393136230000295e+06
6.891051441399999894e+05	4.306401559790000319e+06	6.891023362900000066e+05	4.306409983339999802e+06
6.893073094099999871e+05	4.306760964709999971e+06	6.893045015600000042e+05	4.306718846950000152e+06
6.892090346200000495e+05	4.306741309750000015e+06	6.892258817300000228e+05	4.306713231250000186e+06
6.891865718199999537e+05	4.306808698180000298e+06	6.891809561100000283e+05	4.306797466769999824e+06
6.888720925099999877e+05	4.307016479150000028e+06	6.888917474599999841e+05	4.306977169239999726e+06
6.892679994899999583e+05	4.306249935829999857e+06	6.892679994899999583e+05	4.306258359389999881e+06
6.893859292300000088e+05	4.306241512280000374e+06	6.893718899799999781e+05	4.306247127980000339e+06
6.892708073400000576e+05	4.306202202370000072e+06	6.892679994899999583e+05	4.306205010219999589e+06
6.893803135300000431e+05	4.306190970959999599e+06	6.893775056799999438e+05	4.306193778810000047e+06
6.894785883199999807e+05	4.306230280880000442e+06	6.894785883199999807e+05	4.306233088729999959e+06
6.895235139300000155e+05	4.306182547410000116e+06	6.895178982300000498e+05	4.306182547410000116e+06
6.897565655600000173e+05	4.305755754060000181e+06	6.897790283699999563e+05	4.305741714809999801e+06
6.898941502600000240e+05	4.305615361510000192e+06	6.898829188599999761e+05	4.305623785059999675e+06
6.896021337599999970e+05	4.306278014340000227e+06	6.895824788000000408e+05	4.306286437900000252e+06
6.896526750799999572e+05	4.306278014340000227e+06	6.896498672299999744e+05	4.306278014340000227e+06
6.896133651600000449e+05	4.306185355259999633e+06	6.896077494599999627e+05	4.306165700299999677e+06
6.896442515300000086e+05	4.306185355259999633e+06	6.896414436699999496e+05	4.306165700299999677e+06
6.894533176599999424e+05	4.306884510150000453e+06	6.894533176599999424e+05	4.306881702300000004e+06
6.892483445399999619e+05	4.306800274629999883e+06	6.892455366899999790e+05	4.306825545280000195e+06
6.899418837300000014e+05	4.305879299499999732e+06	6.899559229800000321e+05	4.305876491650000215e+06
6.899390758800000185e+05	4.305778216869999655e+06	6.899250366200000281e+05	4.305786640420000069e+06
6.900401585099999793e+05	4.305817526779999956e+06	6.900317349600000307e+05	4.305820334630000405e+06
6.900289271100000478e+05	4.305719252000000328e+06	6.900345428100000136e+05	4.305719252000000328e+06
6.903883320400000084e+05	4.305941072230000049e+06	6.903827163299999665e+05	4.305943880079999566e+06
6.902563630399999674e+05	4.305752946209999733e+06	6.902451316299999598e+05	4.305752946209999733e+06
6.897734126699999906e+05	4.305910185859999619e+06	6.897958754800000461e+05	4.305907378010000102e+06
6.881954004199999617e+05	4.306892933709999546e+06	6.881925925699999789e+05	4.306895741559999995e+06
6.881560905100000091e+05	4.306850815940000117e+06	6.881504747999999672e+05	4.306856431649999693e+06
6.887457392100000288e+05	4.306179739559999667e+06	6.887429313600000460e+05	4.306188163110000081e+06
6.881673219100000570e+05	4.305901762310000136e+06	6.881897847199999960e+05	4.305879299499999732e+06
6.894870118700000457e+05	4.305792256120000035e+06	6.894870118700000457e+05	4.305797871829999611e+06
6.887513549099999946e+05	4.305626592919999734e+06	6.887541627599999774e+05	4.305626592919999734e+06
6.885211111299999757e+05	4.305688365640000440e+06	6.885267268300000578e+05	4.305691173489999957e+06
6.881954004199999617e+05	4.305710828440000303e+06	6.881982082699999446e+05	4.305722059849999845e+06
6.878584583000000566e+05	4.305609745810000226e+06	6.878668818500000052e+05	4.305618169359999709e+06
6.886081545100000221e+05	4.305738906949999742e+06	6.886109623600000050e+05	4.305736099100000225e+06
6.873547298400000436e+05	4.306671394270000048e+06	6.873569761200000066e+05	4.306655670300000347e+06
6.873704538000000175e+05	4.306341190990000032e+06	6.873704538000000175e+05	4.306352422389999963e+06
6.872064753000000492e+05	4.305635858819999732e+06	6.871727810899999458e+05	4.305669553039999679e+06
6.879499942400000291e+05	4.305494118510000408e+06	6.879607763900000136e+05	4.305517479829999618e+06
6.884297998199999565e+05	4.305869696650000289e+06	6.884315968400000129e+05	4.305864305580000393e+06
6.873695552900000475e+05	4.305876884750000201e+06	6.873443969400000060e+05	4.305855320460000075e+06
6.877020048399999505e+05	4.306283012319999747e+06	6.877002078200000105e+05	4.306293794470000081e+06
6.881099294399999781e+05	4.306236289680000395e+06	6.881135234799999744e+05	4.306239883729999885e+06
6.884639432899999665e+05	4.306200349179999903e+06	6.884675373400000390e+05	4.306198552160000429e+06
6.886903683899999596e+05	4.306225507530000061e+06	6.886957594599999720e+05	4.306241680750000291e+06
6.886885713700000197e+05	4.305698979310000315e+06	6.886993535100000445e+05	4.305713355510000139e+06
6.897344396999999881e+05	4.306218319430000149e+06	6.897146724300000351e+05	4.306216522409999743e+06
6.897613950699999696e+05	4.306141047369999811e+06	6.897560039899999974e+05	4.306153626539999619e+06
6.894019901400000090e+05	4.306175190840000287e+06	6.893930050200000405e+05	4.306173393819999881e+06
6.890084417499999981e+05	4.306284809340000153e+06	6.890048477000000421e+05	4.306286606370000169e+06
6.890210209200000390e+05	4.306417789160000160e+06	6.890156298500000266e+05	4.306428571309999563e+06
6.901146901099999668e+05	4.305728630219999701e+06	6.900974386699999450e+05	4.305738693559999578e+06
6.900701239000000060e+05	4.305730067839999683e+06	6.900686862800000235e+05	4.305743006420000456e+06
6.903058935300000012e+05	4.305991714630000293e+06	6.903102063899999484e+05	4.305996027479999699e+06
6.902728282800000161e+05	4.305569054429999553e+06	6.902900797099999618e+05	4.305574804910000414e+06
6.903058935300000012e+05	4.305991714630000293e+06	6.903389587799999863e+05	4.306024779880000278e+06
6.906767994099999778e+05	4.305935647459999658e+06	6.906739241700000130e+05	4.305914083159999922e+06
6.914358626200000290e+05	4.305892518869999796e+06	6.914243616600000532e+05	4.305898269340000115e+06
6.914761159700000426e+05	4.305858015990000218e+06	6.914962426399999531e+05	4.305859453610000201e+06
6.918225823200000450e+05	4.305843639800000004e+06	6.918225823200000450e+05	4.305849390279999934e+06
6.915925631600000197e+05	4.305684064009999856e+06	6.915968760199999670e+05	4.305674000669999979e+06
6.917823289599999553e+05	4.306674583979999647e+06	6.917823289599999553e+05	4.306674583979999647e+06
6.875672280000000028e+05	4.318273299739999697e+06	6.875974180100000231e+05	4.318263236399999820e+06
6.880718325099999784e+05	4.318642768000000156e+06	6.881207115800000029e+05	4.318670082779999822e+06
6.875413508399999700e+05	4.318589576080000028e+06	6.875787289599999785e+05	4.318576637500000186e+06
6.893441259500000160e+05	4.317975712460000068e+06	6.893599397700000554e+05	4.317955585789999925e+06
6.890206615199999651e+05	4.318077783459999599e+06	6.890091605599999893e+05	4.318118036810000427e+06
6.895669570000000531e+05	4.317752881409999914e+06	6.895870836800000397e+05	4.317729879490000196e+06
6.902181987299999455e+05	4.318739088519999757e+06	6.902512639800000470e+05	4.318717524229999632e+06
6.923947549600000493e+05	4.318536384150000289e+06	6.924220697299999883e+05	4.318530633670000359e+06
6.927239698700000299e+05	4.318685896599999629e+06	6.927426589300000342e+05	4.318683021359999664e+06
6.927383460699999705e+05	4.318730462810000405e+06	6.927613479799999623e+05	4.318733338050000370e+06
6.927872251399999950e+05	4.318125224910000339e+06	6.927829122800000478e+05	4.318132413010000251e+06
6.928087894300000044e+05	4.317754319029999897e+06	6.928274784900000086e+05	4.317748568549999967e+06
6.927024055699999444e+05	4.318089284420000389e+06	6.927052808100000257e+05	4.318105098240000196e+06
6.926276493499999633e+05	4.317468232710000128e+06	6.926477760299999500e+05	4.317440917930000462e+06
6.926851541399999987e+05	4.317127516839999706e+06	6.926880293799999636e+05	4.317107390159999952e+06
6.928044765700000571e+05	4.317407852679999545e+06	6.928016013299999759e+05	4.317403539819999598e+06
6.928145399100000504e+05	4.316308073610000312e+06	6.928073518100000219e+05	4.316308073610000312e+06
6.930603728800000390e+05	4.315418187010000460e+06	6.930661233599999687e+05	4.315434000830000266e+06
6.931121271900000283e+05	4.315002714920000173e+06	6.931164400499999756e+05	4.315011340640000068e+06
6.926103979100000579e+05	4.315008465400000103e+06	6.926175860099999700e+05	4.314992651580000296e+06
6.930761866999999620e+05	4.315366432699999772e+06	6.930819371800000081e+05	4.315372183179999702e+06
6.919649066700000549e+05	4.315633829970000312e+06	6.919778452400000533e+05	4.315618016149999574e+06
6.911052100799999898e+05	4.315176666899999604e+06	6.911152734199999832e+05	4.315176666899999604e+06
6.911095229400000535e+05	4.314880517239999957e+06	6.911310872400000226e+05	4.314902081539999694e+06
6.906192946300000185e+05	4.314886267719999887e+06	6.906149817699999548e+05	4.314883392479999922e+06
6.910117648000000045e+05	4.315132100689999759e+06	6.910290162400000263e+05	4.315137851169999689e+06
6.883205407200000482e+05	4.315603639949999750e+06	6.883363545399999712e+05	4.315597889480000362e+06
6.894260702700000256e+05	4.315225545970000327e+06	6.894174445500000147e+05	4.315248547890000045e+06
6.877268037799999584e+05	4.315021403970000334e+06	6.877469304599999450e+05	4.315018528739999980e+06
6.880502682199999690e+05	4.315185292620000429e+06	6.880747077499999432e+05	4.315168041179999709e+06
6.878504390800000401e+05	4.315203981680000201e+06	6.878418133600000292e+05	4.315196793580000289e+06
6.876002932499999879e+05	4.315186730240000412e+06	6.875988556300000055e+05	4.315183855000000447e+06
6.876189823099999921e+05	4.315280175520000048e+06	6.876117942099999636e+05	4.315301739819999784e+06
6.878087481100000441e+05	4.315360682219999842e+06	6.878130609699999914e+05	4.315356369370000437e+06
6.875801665700000012e+05	4.315652519019999541e+06	6.876031684899999527e+05	4.315645330930000171e+06
6.877929342900000047e+05	4.315491505619999953e+06	6.878087481100000441e+05	4.315524570869999938e+06
6.877109899699999951e+05	4.315408123669999652e+06	6.877181780700000236e+05	4.315406686060000211e+06
6.874752203399999999e+05	4.315698522850000300e+06	6.875068479700000025e+05	4.315684146660000086e+06
6.876851128099999623e+05	4.315816407669999637e+06	6.877138652099999599e+05	4.315804906709999777e+06
6.873113316900000209e+05	4.316039238719999790e+06	6.873199574100000318e+05	4.316032050630000420e+06
6.872552645199999679e+05	4.316055052539999597e+06	6.872624526199999964e+05	4.316049302059999667e+06
6.874967846300000092e+05	4.316782488110000268e+06	6.875039727300000377e+05	4.316773862390000373e+06
6.876520475599999772e+05	4.316720670459999703e+06	6.876807999500000151e+05	4.316680417109999806e+06
6.877526809399999911e+05	4.316684729969999753e+06	6.877440552199999802e+05	4.316666040909999982e+06
6.877038018699999666e+05	4.316421645560000092e+06	6.877210533099999884e+05	4.316395768410000019e+06
6.879395714999999618e+05	4.317522862259999849e+06	6.879366962599999970e+05	4.317525737499999814e+06
6.893815040599999484e+05	4.316967941049999557e+06	6.894160069300000323e+05	4.316944939140000381e+06
6.899752410000000382e+05	4.317300031200000085e+06	6.899752410000000382e+05	4.317287092629999854e+06
6.894706364799999865e+05	4.317412165540000424e+06	6.894735117199999513e+05	4.317394914099999703e+06
6.896258994099999545e+05	4.317396351719999686e+06	6.896287746500000358e+05	4.317373349809999578e+06
6.891270453699999489e+05	4.317095889209999703e+06	6.891414215700000059e+05	4.317085825869999826e+06
6.891831125400000019e+05	4.317098764440000057e+06	6.891859877799999667e+05	4.317080075389999896e+06
6.891428591899999883e+05	4.317024008220000193e+06	6.891557977699999465e+05	4.317025445840000175e+06
6.907975594699999783e+05	4.317262653090000153e+06	6.908205613799999701e+05	4.317289967860000208e+06
6.913366668599999975e+05	4.317348910269999877e+06	6.913582311500000069e+05	4.317333096459999681e+06
7.079762581800000044e+05	4.305845266440000385e+06	7.079366418500000145e+05	4.305800147839999758e+06
7.080378835800000234e+05	4.305717613819999620e+06	7.080125731499999529e+05	4.305675796579999849e+06
7.082117552500000456e+05	4.305789143310000189e+06	7.081941479899999686e+05	4.305739622890000232e+06
7.080609931100000395e+05	4.305587760289999656e+06	7.080797008200000273e+05	4.305555847140000202e+06
7.081985498099999968e+05	4.305376473199999891e+06	7.082293625100000063e+05	4.305347861410000362e+06
7.086211239999999525e+05	4.305587760289999656e+06	7.086354298900000285e+05	4.305606468009999953e+06
7.090844149700000416e+05	4.305548143960000016e+06	7.090888167799999937e+05	4.305551445319999941e+06
7.091086249499999685e+05	4.305451304050000384e+06	7.091273326599999564e+05	4.305455705860000104e+06
7.091229308500000043e+05	4.305370970929999836e+06	7.091603462699999800e+05	4.305367669569999911e+06
7.104280688300000038e+05	4.305477714929999784e+06	7.104390733699999982e+05	4.305459007220000029e+06
7.104060597599999746e+05	4.305477714929999784e+06	7.103972561299999943e+05	4.305470011760000139e+06
7.104093611200000159e+05	4.305429294970000163e+06	7.104214661100000376e+05	4.305409486809999682e+06
7.103884525000000140e+05	4.305444701319999993e+06	7.103807493300000206e+05	4.305429294970000163e+06
7.105150046700000530e+05	4.305348961860000156e+06	7.105139042200000258e+05	4.305332455059999600e+06
7.102839094099999638e+05	4.305103560700000264e+06	7.102949139499999583e+05	4.305098058439999819e+06
7.102574985200000228e+05	4.305103560700000264e+06	7.102530967099999543e+05	4.305112364330000244e+06
7.102839094099999638e+05	4.305200400620000437e+06	7.102740053299999563e+05	4.305198199710000306e+06
7.103323293700000504e+05	4.304913182230000384e+06	7.103092198400000343e+05	4.304887871790000238e+06
7.107053831400000490e+05	4.304436685809999704e+06	7.106954790600000415e+05	4.304415777189999819e+06
7.120072197699999670e+05	4.304272718220000155e+06	7.120182243099999614e+05	4.304252910059999675e+06
7.134576176399999531e+05	4.304526923010000028e+06	7.134620194500000216e+05	4.304513717570000328e+06
7.134268049399999436e+05	4.304393768120000139e+06	7.134224031200000318e+05	4.304384964490000159e+06
7.134014945000000298e+05	4.304346448619999923e+06	7.134169008499999763e+05	4.304351950880000368e+06
7.133046545799999731e+05	4.304280421400000341e+06	7.133288645600000164e+05	4.304258412329999730e+06
7.132694400700000115e+05	4.304278220490000211e+06	7.132793441500000190e+05	4.304266115500000305e+06
7.132331250999999465e+05	4.304279320949999616e+06	7.132331250999999465e+05	4.304263914599999785e+06
7.131252806400000118e+05	4.304368457689999603e+06	7.131252806400000118e+05	4.304358553609999828e+06
7.131054724799999967e+05	4.304425681280000135e+06	7.131032715699999826e+05	4.304438886719999835e+06
7.121524796499999939e+05	4.304065832940000109e+06	7.121381737499999581e+05	4.304063632039999589e+06
7.110278160500000231e+05	4.304139563339999877e+06	7.110135101599999471e+05	4.304139563339999877e+06
7.100286041699999478e+05	4.303681774629999883e+06	7.100418096099999966e+05	4.303676272359999828e+06
7.097986093699999619e+05	4.304011910720000044e+06	7.098140157200000249e+05	4.304006408449999988e+06
7.101848685800000094e+05	4.303906267169999890e+06	7.101969735700000310e+05	4.303906267169999890e+06
7.101144395500000101e+05	4.303928276239999570e+06	7.101111381899999687e+05	4.303918372159999795e+06
7.101617590599999530e+05	4.303612446050000377e+06	7.101628595099999802e+05	4.303609144690000452e+06
7.098525315900000278e+05	4.303549720200000331e+06	7.098481297799999593e+05	4.303546418840000406e+06
7.098525315900000278e+05	4.303549720200000331e+06	7.098481297799999593e+05	4.303546418840000406e+06
7.095994272600000259e+05	4.303475989810000174e+06	7.096170345199999865e+05	4.303481492069999687e+06
7.093958433400000213e+05	4.303299917229999788e+06	7.094035465199999744e+05	4.303294414959999733e+06
7.105712637399999658e+05	4.305013931990000419e+06	7.105798602299999911e+05	4.305013931990000419e+06
7.106797943600000581e+05	4.305060138100000098e+06	7.106894654099999461e+05	4.305047243370000273e+06
7.109559564300000202e+05	4.305181563450000249e+06	7.109548818700000411e+05	4.305177265200000256e+06
7.068794117199999746e+05	4.311091785769999959e+06	7.068972030899999663e+05	4.311108530580000021e+06
7.067684773099999875e+05	4.310257684589999728e+06	7.068082462499999674e+05	4.310260824239999987e+06
7.067695238599999575e+05	4.310181286360000260e+06	7.067841755800000392e+05	4.310165588100000285e+06
7.064555585499999579e+05	4.309841157270000316e+06	7.064649775099999970e+05	4.309822319349999540e+06
7.063896258300000336e+05	4.309755340090000071e+06	7.064063706500000553e+05	4.309751153880000114e+06
7.068616203499999829e+05	4.309914415850000456e+06	7.068773186200000346e+05	4.309913369289999828e+06
7.066606825500000268e+05	4.309861041740000248e+06	7.066857997800000012e+05	4.309864181400000118e+06
7.064953274900000542e+05	4.309436142020000145e+06	7.064995136900000507e+05	4.309431955819999799e+06
7.061688035600000294e+05	4.309620334999999963e+06	7.061824087300000247e+05	4.309620334999999963e+06
7.061300811700000195e+05	4.309552309190000407e+06	7.061290346200000495e+05	4.309547076430000365e+06
7.063017155499999644e+05	4.309485329920000397e+06	7.062985758899999782e+05	4.309487423019999638e+06
7.065790515700000105e+05	4.309795109029999934e+06	7.066052153499999549e+05	4.309784643520000391e+06
7.071462822399999714e+05	4.309274973159999587e+06	7.071745391100000124e+05	4.309232064570000395e+06
7.072519838900000323e+05	4.309373348960000090e+06	7.072519838900000323e+05	4.309368116200000048e+06
7.068249910699999891e+05	4.309293811080000363e+06	7.068365031299999682e+05	4.309287531770000234e+06
7.071651201499999734e+05	4.309428816159999929e+06	7.071598874000000069e+05	4.309416257550000213e+06
7.071577942999999505e+05	4.309122176710000262e+06	7.071588408500000369e+05	4.309105431889999658e+06
7.068961565399999963e+05	4.309304276589999907e+06	7.068919703300000401e+05	4.309314742100000381e+06
7.061039174000000348e+05	4.309265554200000130e+06	7.061185691100000404e+05	4.309252995590000413e+06
7.063069483000000473e+05	4.308846933779999614e+06	7.063184603600000264e+05	4.308832282069999725e+06
7.063268327699999791e+05	4.309116943950000219e+06	7.063299724200000055e+05	4.309112757749999873e+06
7.064241620200000471e+05	4.309219505950000137e+06	7.064220689199999906e+05	4.309219505950000137e+06
7.060024019499999704e+05	4.308762163150000386e+06	7.060181002099999459e+05	4.308776814860000275e+06
7.062085725000000093e+05	4.308756930390000343e+06	7.062336897299999837e+05	4.308762163150000386e+06
7.062054872700000415e+05	4.309388440220000222e+06	7.062155341600000393e+05	4.309369183679999784e+06
7.061510666200000560e+05	4.309358299549999647e+06	7.061594390200000489e+05	4.309347415420000441e+06
7.062858623900000239e+05	4.309433651229999959e+06	7.062992582399999956e+05	4.309411882969999686e+06
7.063352595999999903e+05	4.309347415420000441e+06	7.063293989099999890e+05	4.309339880250000395e+06
7.061895796900000423e+05	4.309298018210000359e+06	7.061954403800000437e+05	4.309302204420000315e+06
7.054946698000000324e+05	4.308773068210000172e+06	7.055080656599999638e+05	4.308773068210000172e+06
7.053975498699999880e+05	4.308757160629999824e+06	7.054075967599999858e+05	4.308758835119999945e+06
7.053933636600000318e+05	4.308791487510000356e+06	7.054075967599999858e+05	4.308812418530000374e+06
7.058103096000000369e+05	4.308779766139999963e+06	7.058337523400000064e+05	4.308793999230000190e+06
7.048784605499999598e+05	4.308931306730000302e+06	7.048826467499999562e+05	4.308927120520000346e+06
7.049010660500000231e+05	4.308618178659999743e+06	7.049019032900000457e+05	4.308626551060000435e+06
7.048098068000000203e+05	4.308655017249999568e+06	7.048190164499999955e+05	4.308656691730000079e+06
7.051254465899999486e+05	4.308704414459999651e+06	7.051313072799999500e+05	4.308695204810000025e+06
7.050593045700000366e+05	4.308765533040000126e+06	7.050182797700000228e+05	4.308785626819999889e+06
7.053766188400000101e+05	4.308953912229999900e+06	7.053657347099999897e+05	4.308953912229999900e+06
7.046892441200000467e+05	4.308703577220000327e+06	7.047160358299999498e+05	4.308695204810000025e+06
7.047403158099999418e+05	4.308765533040000126e+06	7.047788288900000043e+05	4.308786464060000144e+06
7.037816750600000378e+05	4.308358633999999613e+06	7.037892102200000081e+05	4.308375378809999675e+06
7.036209248199999565e+05	4.308492592530000024e+06	7.036025055200000061e+05	4.308480033920000307e+06
7.028146618899999885e+05	4.308508500110000372e+06	7.028355929100000067e+05	4.308505988379999995e+06
7.027301005700000096e+05	4.308438171880000271e+06	7.027443336600000039e+05	4.308444869800000452e+06
7.031972809500000440e+05	4.308369518129999749e+06	7.032157002499999944e+05	4.308372867089999840e+06
7.030181114199999720e+05	4.308432311189999804e+06	7.030172741799999494e+05	4.308441520840000361e+06
7.025040455399999628e+05	4.308322632640000433e+06	7.025032083000000566e+05	4.308321795400000177e+06
7.022679436299999943e+05	4.308451567730000243e+06	7.022704553499999456e+05	4.308450730489999987e+06
7.022913863699999638e+05	4.308477522199999541e+06	7.022997587800000329e+05	4.308492592530000024e+06
7.020552844599999953e+05	4.308478359439999796e+06	7.020678430699999444e+05	4.308478359439999796e+06
7.023625518399999710e+05	4.308536966300000437e+06	7.023650635699999984e+05	4.308542826980000362e+06
7.017731343000000343e+05	4.308281607839999720e+06	7.017890418699999573e+05	4.308276584400000051e+06
7.014281910699999426e+05	4.308310911270000041e+06	7.014574945000000298e+05	4.308322632640000433e+06
7.017890418699999573e+05	4.307950060469999909e+06	7.017823439500000095e+05	4.307945037030000240e+06
7.017036433099999558e+05	4.307864661910000257e+06	7.016827122900000541e+05	4.307870522590000182e+06
7.018635563100000145e+05	4.307872197069999762e+06	7.018669052699999884e+05	4.307872197069999762e+06
7.009174741599999834e+05	4.307985224589999765e+06	7.009116134800000582e+05	4.307970154249999672e+06
7.011225981700000120e+05	4.307897314299999736e+06	7.011159002399999881e+05	4.307884755690000020e+06
7.010296644399999641e+05	4.307803543329999782e+06	7.010305016799999867e+05	4.307799357119999826e+06
7.006889074199999450e+05	4.307912384630000219e+06	7.006729998399999458e+05	4.307909872910000384e+06
7.005047144300000509e+05	4.307804380570000038e+06	7.005038771900000283e+05	4.307809404009999707e+06
7.003489876399999484e+05	4.307737401300000027e+06	7.003473131600000197e+05	4.307746610949999653e+06
6.998935286299999570e+05	4.307480368359999731e+06	6.998876679399999557e+05	4.307478693880000152e+06
6.999596706499999855e+05	4.307472833200000226e+06	6.999713920200000284e+05	4.307471158710000105e+06
6.998206886699999450e+05	4.307526416609999724e+06	6.998273865999999689e+05	4.307517206960000098e+06
7.001572594899999676e+05	4.307379062219999731e+06	7.001773532699999632e+05	4.307380736700000241e+06
6.998022693699999945e+05	4.307378224980000407e+06	6.998031066199999768e+05	4.307374876020000316e+06
6.995963081300000194e+05	4.307428459429999813e+06	6.996071922600000398e+05	4.307427622189999558e+06
7.000207892299999949e+05	4.307406691169999540e+06	7.000149285499999532e+05	4.307410877369999886e+06
6.987498576500000199e+05	4.306534286220000125e+06	6.987582300500000129e+05	4.306552705520000309e+06
6.987590672999999952e+05	4.306480702809999697e+06	6.987515321299999487e+05	4.306471493160000071e+06
6.991349884300000267e+05	4.306485726250000298e+06	6.991492215200000210e+05	4.306475679360000417e+06
6.986736687300000340e+05	4.306370187020000070e+06	6.986736687300000340e+05	4.306391955280000344e+06
6.983170041399999755e+05	4.306250461579999886e+06	6.983412841199999675e+05	4.306262182950000279e+06
6.982416524600000121e+05	4.306271392599999905e+06	6.982525365900000324e+05	4.306270555359999649e+06
6.980934608299999963e+05	4.306382745629999787e+06	6.981068566900000442e+05	4.306390280799999833e+06
6.967932258200000506e+05	4.307902337740000337e+06	6.967722948000000324e+05	4.307906523950000294e+06
6.969003926500000525e+05	4.307839544680000283e+06	6.968886712700000498e+05	4.307842893640000373e+06
6.966642907300000079e+05	4.308953074989999644e+06	6.966391735099999933e+05	4.308956423949999735e+06
6.968995553999999538e+05	4.308918748119999655e+06	6.968878340300000273e+05	4.308920422600000165e+06
6.969347195200000424e+05	4.309016705289999954e+06	6.969263471099999733e+05	4.309020891499999911e+06
6.961728303600000218e+05	4.309204247240000404e+06	6.961753420799999731e+05	4.309207596199999563e+06
6.963453019700000295e+05	4.309044334239999764e+06	6.963453019700000295e+05	4.309050194930000231e+06
6.955708541999999434e+05	4.308835024029999971e+06	6.955767148899999447e+05	4.308849257129999809e+06
6.958404457499999553e+05	4.308721159280000255e+06	6.958521671199999982e+05	4.308732880649999715e+06
6.951396751699999440e+05	4.309138942449999973e+06	6.951380006900000153e+05	4.309155687269999646e+06
6.954770832299999893e+05	4.309325647160000168e+06	6.954703852999999654e+05	4.309327321639999747e+06
6.957006265300000086e+05	4.309207596199999563e+06	6.957131851399999578e+05	4.309214294130000286e+06
6.947285899200000567e+05	4.308872699869999662e+06	6.947361250899999868e+05	4.308875211590000428e+06
6.947386368100000545e+05	4.308756323389999568e+06	6.947478464600000298e+05	4.308755486150000244e+06
6.949487842599999858e+05	4.308820790939999744e+06	6.949630173600000562e+05	4.308802371639999561e+06
6.964114440000000177e+05	4.308524407680000179e+06	6.963988853899999522e+05	4.308537803539999761e+06
6.974111095500000520e+05	4.308845070919999853e+06	6.974111095500000520e+05	4.308850931610000320e+06
6.979335478300000541e+05	4.308877723310000263e+06	6.979067561299999943e+05	4.308876048829999752e+06
6.982885379500000272e+05	4.309136430730000138e+06	6.982835145000000484e+05	4.309128895560000092e+06
6.983178413799999980e+05	4.308983215660000220e+06	6.983144924099999480e+05	4.308974006009999663e+06
6.987172052499999991e+05	4.309028426660000347e+06	6.987456714399999473e+05	4.309027589420000091e+06
6.984166357899999712e+05	4.309018379770000465e+06	6.984400785400000168e+05	4.309010844610000029e+06
6.993978820500000147e+05	4.309319786469999701e+06	6.994179758300000103e+05	4.309329833359999582e+06
6.993518338099999819e+05	4.309057730089999735e+06	6.993920213699999731e+05	4.309056055610000156e+06
6.994874668199999724e+05	4.308963121880000457e+06	6.995100723200000357e+05	4.308968145320000127e+06
6.991073594799999846e+05	4.308917910869999789e+06	6.991073594799999846e+05	4.308918748119999655e+06
6.993593689699999522e+05	4.309128895560000092e+06	6.993886724000000395e+05	4.309131407289999537e+06
6.990747070900000399e+05	4.309048520440000109e+06	6.991040105200000107e+05	4.309040148040000349e+06
6.998566900300000561e+05	4.309183316220000386e+06	6.998700858800000278e+05	4.309180804499999620e+06
6.998173397099999711e+05	4.309122197639999911e+06	6.998307355599999428e+05	4.309117174189999700e+06
7.001112112399999751e+05	4.308890281929999590e+06	7.001179091699999990e+05	4.308902840540000238e+06
7.001656319000000367e+05	4.309178292770000175e+06	7.001698181000000332e+05	4.309181641739999875e+06
7.000978153900000034e+05	4.308809069570000283e+06	7.001195836500000441e+05	4.308824139899999835e+06
7.017228998500000453e+05	4.308830000590000302e+06	7.017538777599999448e+05	4.308836698509999551e+06
7.014173069400000386e+05	4.309198386549999937e+06	7.014332145200000377e+05	4.309197549309999682e+06
7.015989882000000216e+05	4.309149826589999720e+06	7.015989882000000216e+05	4.309148989339999855e+06
7.018602073399999645e+05	4.309083684559999965e+06	7.018752776800000574e+05	4.309084521800000221e+06
6.874721879900000058e+05	4.312568702320000157e+06	6.874926778400000185e+05	4.312577483679999597e+06
6.872628988200000022e+05	4.312678469370000064e+06	6.872819251099999528e+05	4.312659443079999648e+06
6.874751151100000134e+05	4.312694568529999815e+06	6.874926778400000185e+05	4.312678469370000064e+06
6.872204555600000313e+05	4.312930201799999923e+06	6.872541174500000197e+05	4.312924347559999675e+06
6.879727257400000235e+05	4.312811653389999643e+06	6.879800435499999439e+05	4.312823361870000139e+06
6.874707244299999438e+05	4.312475034430000000e+06	6.874780422399999807e+05	4.312472107309999876e+06
6.882859277299999958e+05	4.312172077370000072e+06	6.882859277299999958e+05	4.312183785860000178e+06
6.878410052800000412e+05	4.312543821779999882e+06	6.878410052800000412e+05	4.312539431099999696e+06
6.877239204300000565e+05	4.312480888679999858e+06	6.877341653500000248e+05	4.312473570869999938e+06
6.876887949700000463e+05	4.312227692680000328e+06	6.876873314099999843e+05	4.312221838440000080e+06
6.885010711499999743e+05	4.312581874359999783e+06	6.885054618300000438e+05	4.312567238760000095e+06
6.895870331599999918e+05	4.312286235109999776e+06	6.895855696000000462e+05	4.312297943590000272e+06
6.893016388299999526e+05	4.312201348589999601e+06	6.893133473199999426e+05	4.312207202829999849e+06
6.894099423200000310e+05	4.312649198149999604e+06	6.894187236900000134e+05	4.312637489670000039e+06
6.892767582999999868e+05	4.311826677059999667e+06	6.892650498199999565e+05	4.311831067739999853e+06
6.895694704399999464e+05	4.311839849100000225e+06	6.895665433099999791e+05	4.311864729629999958e+06
6.895445899000000209e+05	4.312275990179999731e+06	6.895358085399999982e+05	4.312284771549999714e+06
6.899573140099999728e+05	4.311738863409999758e+06	6.899485326499999501e+05	4.311741790540000424e+06
6.911340167900000233e+05	4.312419419130000286e+06	6.911120633799999487e+05	4.312415028450000100e+06
6.909642437599999830e+05	4.312530649740000255e+06	6.909539988300000550e+05	4.312554066709999926e+06
6.919960540299999993e+05	4.311702274400000460e+06	6.920062989499999676e+05	4.311706665079999715e+06
6.922097338900000323e+05	4.311498839460000396e+06	6.921863169200000120e+05	4.311533964920000173e+06
6.917721292499999981e+05	4.311446151279999875e+06	6.917765199299999513e+05	4.311440297039999627e+06
6.937172013799999841e+05	4.311595434469999745e+06	6.936762216799999587e+05	4.311583725979999639e+06
6.937962336499999510e+05	4.311257351950000040e+06	6.938006243399999803e+05	4.311269060440000147e+06
6.934098536399999866e+05	4.311614460760000162e+06	6.934098536399999866e+05	4.311626169239999726e+06
6.941108991999999853e+05	4.311336384229999967e+06	6.941226076800000155e+05	4.311361264759999700e+06
6.936147521300000371e+05	4.311244179910000414e+06	6.936191428099999903e+05	4.311252961269999854e+06
6.948631693799999775e+05	4.311749108339999802e+06	6.948748778699999675e+05	4.311781306669999845e+06
6.951514908399999840e+05	4.311693493029999547e+06	6.951763713699999498e+05	4.311711055759999901e+06
6.952422316000000574e+05	4.311668612499999814e+06	6.952436951600000029e+05	4.311661294700000435e+06
6.945075241399999941e+05	4.311694956589999609e+06	6.945060605800000485e+05	4.311712519319999963e+06
6.941855407899999991e+05	4.311541282719999552e+06	6.941752958700000308e+05	4.311513475069999695e+06
6.945441131599999499e+05	4.311503230150000192e+06	6.945309411100000143e+05	4.311492985220000148e+06
6.942792086800000397e+05	4.312022794189999811e+06	6.942821358000000473e+05	4.312024257749999873e+06
6.951163653799999738e+05	4.311812041450000368e+06	6.951149018200000282e+05	4.311833994859999977e+06
6.954383487299999688e+05	4.311661294700000435e+06	6.954295673599999864e+05	4.311693493029999547e+06
6.957149616900000256e+05	4.311409562260000035e+06	6.957178888199999928e+05	4.311405171579999849e+06
6.963486834700000472e+05	4.311340774910000153e+06	6.963516105900000548e+05	4.311333457109999843e+06
6.961496392100000521e+05	4.311687638790000230e+06	6.961598841399999801e+05	4.311674466749999672e+06
6.953944419100000523e+05	4.311340774910000153e+06	6.954061503899999661e+05	4.311329066429999657e+06
6.966823752999999560e+05	4.311550064090000466e+06	6.966999380299999611e+05	4.311560309009999968e+06
6.972517003999999724e+05	4.311203200210000388e+06	6.972824351699999534e+05	4.311213445129999891e+06
6.972956072200000053e+05	4.311621778559999540e+06	6.973043885800000280e+05	4.311621778559999540e+06
6.964789403699999675e+05	4.311637877729999833e+06	6.964804039300000295e+05	4.311637877729999833e+06
6.974624531399999978e+05	4.311216372259999625e+06	6.974800158600000432e+05	4.311222226499999873e+06
6.976468617800000357e+05	4.311195882410000078e+06	6.976761329899999546e+05	4.311232471420000307e+06
6.980961749099999433e+05	4.312202812149999663e+06	6.981269096800000407e+05	4.312196957910000347e+06
6.983713243100000545e+05	4.311936444109999575e+06	6.983888870399999432e+05	4.311930589859999716e+06
6.982337496100000571e+05	4.311946689030000009e+06	6.982469216599999927e+05	4.311951079710000195e+06
6.978312704300000332e+05	4.312053528959999792e+06	6.978459060299999546e+05	4.312049138279999606e+06
6.977039406500000041e+05	4.312062310320000164e+06	6.976922321600000141e+05	4.312066701009999961e+06
6.986318381100000115e+05	4.311858875389999710e+06	6.986537915199999698e+05	4.311847166899999604e+06
6.977727280000000028e+05	4.312186712980000302e+06	6.977976085299999686e+05	4.312186712980000302e+06
6.984430387900000205e+05	4.310755350639999844e+06	6.984298667399999686e+05	4.310752423519999720e+06
6.985059719000000041e+05	4.311097823839999735e+06	6.985001176500000292e+05	4.311093433159999549e+06
6.988499086499999976e+05	4.311017327999999747e+06	6.988469815299999900e+05	4.311014400879999623e+06
6.987825848599999445e+05	4.311020255130000412e+06	6.987723399399999762e+05	4.311024645809999667e+06
6.985367066699999850e+05	4.311049526340000331e+06	6.985396337899999926e+05	4.311045135660000145e+06
6.995216829999999609e+05	4.310979275430000387e+06	6.995319279300000053e+05	4.311017327999999747e+06
6.998056137700000545e+05	4.310950004209999926e+06	6.998334214200000279e+05	4.310988056789999828e+06
6.997719518799999496e+05	4.310911951639999636e+06	6.997617069500000216e+05	4.310919269439999945e+06
6.991353029800000368e+05	4.311024645809999667e+06	6.991616470800000243e+05	4.311034890730000101e+06
7.000412470400000457e+05	4.310897316030000336e+06	7.000397834799999837e+05	4.310892925350000151e+06
7.016438459700000240e+05	4.311355410520000383e+06	7.016687265099999495e+05	4.311359801199999638e+06
7.014506559699999634e+05	4.311487130979999900e+06	7.014784636200000532e+05	4.311492985220000148e+06
7.020038819000000367e+05	4.311090506040000357e+06	7.020214446300000418e+05	4.311097823839999735e+06
7.021487744099999545e+05	4.310982202549999580e+06	7.021736549400000367e+05	4.310989520349999890e+06
7.044436375400000252e+05	4.311077333990000188e+06	7.044275383699999657e+05	4.311093433159999549e+06
7.037352741699999897e+05	4.311610070079999976e+06	7.037191750100000063e+05	4.311576408180000260e+06
7.039548082700000377e+05	4.311166611189999618e+06	7.039533447099999757e+05	4.311153439149999991e+06
7.041538525300000329e+05	4.310989520349999890e+06	7.041509253999999491e+05	4.310961712700000033e+06
7.063887096700000111e+05	4.310952931330000050e+06	7.064077359599999618e+05	4.310958785579999909e+06
7.064370071699999971e+05	4.310841700720000081e+06	7.064721326300000073e+05	4.310844627840000205e+06
7.064370071699999971e+05	4.310841700720000081e+06	7.064121266400000313e+05	4.310813893070000224e+06
7.063213858799999580e+05	4.310925123680000193e+06	7.063491935300000478e+05	4.310930977920000441e+06
7.058237752499999478e+05	4.310816820190000348e+06	7.058252388100000098e+05	4.310818283750000410e+06
7.058574371500000125e+05	4.310778767610000446e+06	7.058574371500000125e+05	4.310772913370000198e+06
7.032022364300000481e+05	4.303725076949999668e+06	7.032190966499999631e+05	4.303721330230000429e+06
7.031984897199999541e+05	4.303600498660000041e+06	7.031872495699999854e+05	4.303597688629999757e+06
7.068983710900000297e+05	4.302274161439999938e+06	7.068890043099999893e+05	4.302265731329999864e+06
7.069498884300000500e+05	4.302209530600000173e+06	7.069573818599999649e+05	4.302205783889999613e+06
7.068580938999999780e+05	4.302134596300000325e+06	7.068721440899999579e+05	4.302115862719999626e+06
7.068018931700000539e+05	4.302195480419999920e+06	7.068037665300000226e+05	4.302185176950000226e+06
6.953775020400000503e+05	4.318537215929999948e+06	6.953992933200000552e+05	4.318528499420000240e+06
6.962687652600000147e+05	4.317868223729999736e+06	6.962753026499999687e+05	4.317866044610000215e+06
6.948980939500000095e+05	4.318504529009999707e+06	6.949155269799999660e+05	4.318506708139999770e+06
6.978704241100000218e+05	4.318186376369999722e+06	6.978747823599999538e+05	4.318197272010000423e+06
6.983215035299999872e+05	4.317286396639999934e+06	6.983367574299999978e+05	4.317264605370000005e+06
6.992389162899999646e+05	4.317890015010000207e+06	6.992519910499999532e+05	4.317876940240000375e+06
7.012219224699999904e+05	4.317953209710000083e+06	7.012241016000000527e+05	4.317933597559999675e+06
7.012894754299999913e+05	4.317558787600000389e+06	7.012916545600000536e+05	4.317532638070000336e+06
7.007969925700000022e+05	4.317574041500000283e+06	7.008144255999999586e+05	4.317556608479999937e+06
7.008275003599999472e+05	4.317353949599999934e+06	7.008471125100000063e+05	4.317319083560000174e+06
7.016337776000000304e+05	4.317611086670000106e+06	7.016250610899999738e+05	4.317526100689999759e+06
7.021175439499999629e+05	4.317567504110000096e+06	7.021567682400000049e+05	4.317532638070000336e+06
7.029543289700000314e+05	4.317070662999999709e+06	7.029913741399999708e+05	4.317055409110000357e+06
7.021066483099999605e+05	4.318088315630000085e+06	7.021349769699999597e+05	4.318090494760000147e+06
7.035034691500000190e+05	4.316745972980000079e+06	7.034991108900000108e+05	4.316756868619999848e+06
7.035557682100000093e+05	4.316650091359999962e+06	7.035623055999999633e+05	4.316632658339999616e+06
7.037344566799999448e+05	4.316076980779999867e+06	7.037409940700000152e+05	4.316072622530000284e+06
7.043250002800000366e+05	4.316850571109999903e+06	7.043424333000000333e+05	4.316830958960000426e+06
7.035819177399999462e+05	4.315414525969999842e+06	7.035949925100000110e+05	4.315414525969999842e+06
7.035535890900000231e+05	4.315682558670000173e+06	7.035644847199999494e+05	4.315682558670000173e+06
7.027603866100000450e+05	4.315634617870000191e+06	7.027799987599999877e+05	4.315636796989999712e+06
7.030284193199999863e+05	4.315401451200000010e+06	7.030545688500000397e+05	4.315414525969999842e+06
7.043162837699999800e+05	4.314793474580000155e+06	7.043271794099999825e+05	4.314778220689999871e+06
7.041049083899999969e+05	4.314470963689999655e+06	7.041354161699999822e+05	4.314460068049999885e+06
7.043664037099999841e+05	4.314569024430000223e+06	7.043533289400000358e+05	4.314538516640000045e+06
7.045145843899999745e+05	4.315076761180000380e+06	7.045167635200000368e+05	4.315057149029999971e+06
7.054363554000000004e+05	4.314889356200000271e+06	7.054494301599999890e+05	4.314871923179999925e+06
7.042312977899999823e+05	4.314281379580000415e+06	7.042116856400000397e+05	4.314285737829999998e+06
7.038303382999999449e+05	4.313085038479999639e+06	7.038346965599999530e+05	4.313045814190000296e+06
7.037431731900000013e+05	4.313076321969999932e+06	7.037562479599999497e+05	4.313074142850000411e+06
7.047412136699999683e+05	4.313252831319999881e+06	7.047063476299999747e+05	4.313244114799999632e+06
7.045124052600000286e+05	4.313523043150000274e+06	7.045276591600000393e+05	4.313516505760000087e+06
7.046431529200000223e+05	4.313527401399999857e+06	7.046431529200000223e+05	4.313551371810000390e+06
7.048545283099999651e+05	4.313076321969999932e+06	7.048370952899999684e+05	4.313052351569999941e+06
7.036821576199999545e+05	4.313815046260000207e+06	7.036886949999999488e+05	4.313817225379999727e+06
7.050092463699999498e+05	4.312823543159999885e+06	7.050179628800000064e+05	4.312821364040000364e+06
