-8.4235	-28.0785
14.0393	22.4628
2.8079	-5.6157
14.0393	5.6157
39.3099	-30.8864
0.0000	0.0000
2.8078	-5.6157
2.8078	42.1178
22.4628	-14.0393
11.2314	-11.2314
0.0000	2.8078
14.0393	-8.4236
-5.6157	-19.6550
0.0000	11.2314
2.8079	11.2314
-2.8078	5.6157
5.6157	5.6157
8.4236	-2.8078
-2.8079	2.8079
2.8078	-5.6157
-5.6157	-14.0393
-2.8079	11.2314
0.0000	2.8078
11.2314	0.0000
5.6157	-8.4236
11.2314	-2.8079
19.6550	-8.4235
8.4236	0.0000
5.6157	-5.6157
14.0393	-8.4235
5.6157	-2.8078
8.4236	8.4235
22.4628	-25.2707
2.8079	-14.0393
5.6157	-16.8471
-8.4236	16.8471
8.4235	14.0392
5.6157	19.6550
-2.8078	-8.4236
16.8471	-8.4236
-16.8471	2.8078
-8.4235	-22.4628
-14.0393	-5.6157
0.0000	-28.0785
-2.8078	-25.2707
-2.8079	-8.4236
16.8471	-8.4236
25.2707	5.6157
-2.8078	-16.8471
-8.4236	2.8078
8.4235	8.4236
11.2314	-11.2314
8.4235	-16.8471
8.4236	-8.4236
5.6157	-5.6157
2.8078	-5.6157
8.4236	0.0000
2.8078	-5.6157
2.8079	-11.2314
2.8078	-22.4628
11.2314	0.0000
11.2314	-5.6157
-2.8079	0.0000
-2.8078	-2.8079
0.0000	0.0000
2.8078	-25.2707
2.8078	-16.8471
-14.0393	-14.0393
11.2314	-11.2314
-28.0785	2.8078
0.0000	2.8078
5.6157	19.6550
2.8078	-14.0393
8.4235	-14.0393
8.4235	-8.4236
11.2314	-5.6157
5.6157	5.6157
-11.2314	-5.6157
8.4235	-14.0393
16.8471	-5.6157
14.0393	2.8079
5.6157	-8.4236
8.4235	-2.8079
14.0393	-5.6157
-8.4236	14.0392
2.8079	-2.8079
14.0393	-25.2707
-5.6157	-2.8079
14.0393	-16.8471
11.2314	-11.2314
0.0000	2.8078
25.2707	-14.0393
11.2314	-2.8079
5.6157	8.4236
2.8078	-16.8471
-2.8078	2.8078
-14.0393	2.8079
11.2314	5.6157
-8.4236	-2.8079
-5.6157	-8.4236
11.2314	-11.2314
-2.8079	14.0393
8.4236	5.6157
-16.8471	2.8079
14.0393	-11.2314
11.2314	-11.2314
2.8078	-8.4235
2.8078	42.1178
-16.8471	28.0785
5.6157	11.2314
-19.6549	39.3099
0.0000	-8.4236
14.0393	-5.6157
2.8079	-2.8078
2.8079	-2.8079
0.0000	-2.8078
5.6157	0.0000
-22.4628	14.0393
11.2314	-8.4235
19.6550	-8.4236
2.8078	0.0000
5.6157	19.6550
2.8079	19.6550
0.0000	2.8079
2.8078	-25.2707
-14.0393	2.8078
14.0393	-8.4236
8.4235	-2.8079
-5.6157	0.0000
5.6157	-2.8078
11.2314	0.0000
-22.4628	2.8078
2.8078	-2.8079
5.6157	-5.6157
2.8078	-8.4236
-22.4628	22.4628
0.0000	-5.6157
-2.8078	0.0000
-5.6157	-2.8078
-2.8078	-11.2314
-8.4235	-8.4235
-2.8078	2.8078
-2.2463	15.7240
0.0000	-11.2314
33.6942	-33.6942
-10.7821	-23.3613
-1.7970	5.3911
25.1584	21.5643
1.7970	-10.7822
-3.5940	-3.5940
-3.5941	1.7970
-5.3911	-16.1732
-10.7821	-14.3762
19.7673	1.7970
5.3911	-12.5792
8.9851	1.7970
3.5940	-1.7970
5.3911	-10.7821
17.2514	-10.0633
1.4376	-12.9386
-4.3129	-4.3128
-17.2514	-5.7505
-33.0652	-33.0652
2.8752	21.5643
11.5010	-5.7505
-20.1267	-1.4376
0.0000	-5.7505
-4.3129	10.0633
0.0000	0.0000
-30.1900	10.0633
-48.8791	-27.3148
-37.3781	12.9386
-15.8138	20.1267
11.5010	-40.2534
-20.1267	23.0019
-33.0653	21.5643
-27.3148	5.7505
-18.6891	2.8752
-23.0019	-2.8752
4.3129	-7.1881
-18.6891	5.7505
-2.8752	-15.8138
-20.1267	27.3148
-2.8752	20.1267
2.8752	4.3129
7.1881	0.0000
-5.7505	-15.8138
-4.3129	-8.6257
-7.1881	15.8138
-5.7505	-5.7505
-12.9386	15.8138
-10.0633	0.0000
-21.5643	-21.5643
4.3129	2.8752
-17.2514	-5.7505
-15.8138	5.7505
8.6257	-23.0019
-20.1267	2.8752
-24.4395	17.2514
8.6257	7.1881
1.4376	2.8752
7.1881	-21.5643
-4.3129	4.3128
-23.0019	7.1881
-15.8138	-33.0652
-7.1881	1.4376
-31.6276	14.3762
-28.7524	11.5010
-8.6257	7.1881
-7.1881	5.7505
-7.1881	8.6257
-28.7524	40.2533
8.6257	18.6891
-17.2514	25.8772
2.8752	-2.8752
-34.5029	23.0019
0.0000	12.9386
-2.8752	17.2514
-2.8752	23.0019
-14.3762	10.0633
-2.8752	18.6891
-12.9386	-1.4376
-23.0019	-27.3148
-21.5643	15.8138
39.6163	45.1186
25.3104	41.8172
17.6073	49.5204
-18.7077	31.9131
-30.8127	28.6118
-14.3059	-18.7077
-4.4018	-3.3014
-18.7077	-4.4018
-37.4154	3.3014
-11.0045	18.7077
8.8036	7.7032
-12.1050	19.8082
7.7032	15.4063
1.1005	16.5068
-11.0045	5.5023
4.4018	-8.8036
9.9041	2.2009
23.1095	25.3104
9.9041	20.9086
-11.0045	19.8082
-4.4018	13.2054
4.4018	8.8036
-15.4063	-5.5023
-24.2100	22.0091
-9.9041	12.1050
0.0000	15.4063
0.0000	9.9041
2.2009	-13.2054
14.3059	2.2009
14.3059	0.0000
-13.2054	5.5023
-15.4064	5.5023
-12.1050	0.0000
3.3014	9.9041
-1.1005	3.3014
4.4018	3.3014
4.4018	3.3014
-17.6073	-5.5023
-7.7032	5.5023
-8.5965	0.0000
-9.6710	12.8947
1.0746	4.2982
-17.7914	-16.7448
-39.7689	-3.1397
-14.6517	15.6983
-9.4190	18.8379
-16.7448	4.1862
-15.6983	1.0466
-25.1172	-3.1397
-4.1862	4.1862
-13.6052	0.0000
1.0465	5.2328
3.1397	-2.0931
-26.1638	10.4655
-28.2569	42.9086
0.0000	5.2328
-11.5121	6.2793
5.2327	12.5586
-1.0466	16.7448
4.1862	-10.4655
-14.6517	12.5586
-11.5121	14.6517
-3.1397	4.1862
2.0931	0.0000
-15.6983	-14.6517
-25.1172	-5.2328
-10.0469	19.2565
-8.3724	10.8841
-13.3958	21.7683
5.8607	7.5352
-5.8607	-4.1862
-13.3959	0.0000
-10.0469	-1.6745
-14.2331	-20.9310
-23.4427	-14.2331
-4.1862	4.1862
-0.8372	-8.3724
-9.2096	-1.6745
-5.8607	9.2096
41.0248	-20.0938
10.8841	0.0000
-26.7917	8.3724
-38.5131	-20.9310
-7.5352	-16.7448
18.4193	12.5586
-20.9310	2.5117
-14.2331	-6.6979
-18.4193	-3.3490
0.8372	-9.2097
0.8372	0.8372
-2.5117	0.8372
-8.3724	-15.0703
-12.5586	0.0000
-2.5117	-5.8607
-15.9076	5.0234
-29.3034	-11.7214
6.6979	5.0234
20.9310	-5.8607
-3.3490	0.0000
5.8607	15.0703
6.6979	12.5586
-0.8372	4.1862
15.9076	2.5117
0.8372	-5.0234
1.6745	-9.2096
5.8607	1.6745
-11.7214	1.6745
-6.6979	9.2096
-20.0938	-1.6745
-0.8372	3.3490
-10.8841	0.8372
5.8607	-4.1862
-8.3724	-18.4193
7.5352	9.2096
-14.2331	10.0469
0.0000	-21.7683
-24.2800	-11.7214
-10.8841	0.8372
-13.3959	-7.5352
20.9310	-4.1862
11.7214	-3.3490
25.1172	-3.3490
11.7214	-1.6745
8.3724	-4.1862
-2.5117	-3.3490
0.0000	-5.8607
-5.8607	-14.2331
-11.7214	-11.7214
1.6745	-16.7448
6.6979	-1.6745
-12.5586	-6.6979
-7.5352	-2.5117
-9.2096	0.8372
-14.2331	18.4193
12.5586	-13.3959
0.0000	-5.8607
26.7917	1.6745
5.0234	7.5352
3.3490	9.2097
-28.4662	0.8372
-23.4428	7.5352
-20.0938	-10.0469
-40.1876	1.6745
-22.6055	-5.0234
0.0000	-0.8372
-29.3034	-2.5117
-29.3034	8.3724
-13.3958	2.5117
-13.3958	5.0235
-6.6979	-12.5586
-4.1862	-3.3490
-21.7683	-15.0703
-30.9779	-6.6979
-15.9076	0.8372
0.0000	0.8372
-15.0703	-0.8372
-20.4899	-8.7814
-19.0263	19.0263
-17.5627	16.0992
-33.6619	5.8542
-7.3178	-11.7085
-7.3178	2.9271
0.0000	-11.7085
0.0000	4.3907
-10.2449	7.3178
1.4636	5.8542
-4.3907	14.6356
1.4636	-11.7085
-11.7085	-5.8542
-8.7814	11.7085
11.7085	-4.3907
2.9271	-24.8805
8.7814	-8.7814
8.7814	-2.9271
21.9534	4.3907
10.2449	-23.4170
-10.2449	-4.3907
23.4170	-35.1255
-4.3907	5.8542
40.9797	11.7085
-4.3907	-11.7085
0.0000	-11.7085
-11.7085	-24.8805
-4.3907	-8.7814
-11.7085	-32.1983
-24.8805	-17.5627
-1.4636	7.3178
1.4636	-17.5627
10.2449	27.8076
13.1720	10.2449
-2.9271	-1.4636
1.4636	-21.9534
8.7814	-32.1983
-2.9271	4.3907
-2.9271	7.3178
-10.2449	13.1720
-11.7085	11.7085
-17.5627	-10.2449
-30.7348	-10.2449
-8.7814	0.0000
-1.4636	0.0000
-17.5627	-5.8542
-29.2712	-36.5890
-30.7348	5.8542
-17.5627	5.8542
-13.1720	-4.3907
-14.6356	4.3907
11.7085	-4.3907
-21.9534	11.7085
-24.8805	0.0000
13.1721	2.9271
5.8542	4.3907
2.9271	2.9271
10.2449	-4.3907
-2.9271	4.3907
-10.2449	-38.0526
-27.8076	-38.0526
10.2449	-7.3178
-26.3441	-10.2449
1.4636	4.3907
-24.8805	-4.3907
-27.8077	-5.8542
-17.5627	-7.3178
-24.8805	-7.3178
16.0992	-16.0992
16.0992	33.6619
1.4636	13.1720
2.9271	27.8076
-19.0263	-5.8542
-35.1255	-2.9271
24.8805	27.8076
-27.8077	-5.8542
-1.4636	-1.4636
0.0000	5.8542
-16.8602	3.7467
11.2401	2.8100
9.3668	8.4301
-7.4934	3.7467
-14.0502	18.7336
-1.8734	10.3035
-21.7913	8.7165
-6.5374	2.1791
-17.4330	-2.1791
-4.3582	-10.8956
-15.2539	21.7913
-13.0748	13.0748
-2.1791	19.6122
-2.1791	26.1495
-17.4330	17.4330
-19.6122	34.8660
8.7165	84.9860
-39.2243	34.8660
-37.0452	15.2539
-28.3287	-2.1791
4.3583	-10.8956
-6.5374	17.4330
-6.5374	4.3582
-17.4330	19.6121
-13.0748	0.0000
-10.8956	0.0000
-19.6121	-2.1791
-26.1495	-13.0748
-10.8956	15.2539
-30.5078	10.8956
13.0748	30.5078
-2.1791	19.6122
-13.0748	17.4330
19.6121	-4.3582
-4.3583	39.2243
-13.0748	2.1791
34.8660	8.7165
-15.2539	6.5374
0.0000	-23.9704
17.4330	23.9704
-6.5374	-2.1791
-8.7165	2.1791
