-7.638	-27.117	0.785	0.962			
14.594	22.516	0.554	0.054			
3.343	-5.022	0.535	0.594			
14.630	6.160	0.591	0.544			
39.500	-30.778	0.190	0.109			
0.997	0.444	0.997	0.444			
3.092	-4.620	0.285	0.996			
3.541	42.405	0.733	0.287			
23.362	-13.044	0.900	0.995			
11.676	-10.378	0.444	0.854			
0.287	3.175	0.287	0.367			
14.208	-7.621	0.168	0.803			
-4.902	-18.940	0.714	0.715			
0.033	11.674	0.033	0.442			
3.583	11.555	0.775	0.323			
-2.229	6.329	0.579	0.713			
5.948	5.844	0.332	0.228
8.783	-2.212	0.360	0.596
-2.296	2.947	0.512	0.139
2.974	-5.466	0.167	0.149
-4.916	-13.200	0.700	0.840
-2.174	11.374	0.634	0.142
0.640	3.242	0.640	0.434
11.685	0.911	0.454	0.911
6.180	-8.355	0.565	0.069
12.194	-1.952	0.963	0.856
20.330	-7.890	0.675	0.533
8.907	0.368	0.484	0.368
6.024	-5.398	0.408	0.217
14.192	-8.190	0.153	0.234
6.334	-2.060	0.718	0.748
8.909	9.089	0.486	0.665
22.798	-24.680	0.336	0.591
2.990	-13.372	0.182	0.667
6.052	-16.339	0.436	0.508
-7.658	17.786	0.766	0.939
8.834	14.919	0.410	0.879
6.133	20.466	0.517	0.811
-2.617	-8.000	0.191	0.423
17.520	-8.282	0.672	0.141
-15.893	3.216	0.954	0.408
-7.462	-22.162	0.962	0.301
-13.703	-4.736	0.336	0.880
0.389	-27.656	0.389	0.423
-2.167	-24.337	0.640	0.934
-1.970	-7.877	0.838	0.547
17.468	-7.850	0.621	0.574
25.805	6.322	0.534	0.706
-2.152	-15.853	0.656	0.995
-7.707	3.505	0.717	0.697
8.842	9.178	0.419	0.754
12.070	-10.815	0.838	0.417
9.243	-16.728	0.819	0.119
8.915	-7.659	0.492	0.764
5.972	-5.246	0.357	0.370
3.052	-4.978	0.244	0.638
8.547	0.036	0.124	0.036
3.013	-4.759	0.205	0.857
3.702	-10.876	0.894	0.355
3.430	-21.927	0.622	0.536
11.588	0.356	0.357	0.356
11.531	-4.631	0.300	0.985
-2.686	0.723	0.122	0.723
-2.526	-2.472	0.281	0.335
0.196	0.814	0.196	0.814
3.583	-24.821	0.776	0.450
3.135	-16.351	0.327	0.496
-13.839	-13.293	0.201	0.746
11.388	-10.927	0.157	0.304
-27.994	3.699	0.084	0.891
0.120	2.918	0.120	0.110
5.720	20.454	0.104	0.799
3.289	-13.419	0.481	0.620
8.559	-13.587	0.135	0.453
9.066	-8.416	0.643	0.007
11.473	-5.334	0.242	0.281
5.924	6.356	0.308	0.740
-10.405	-4.946	0.827	0.669
9.120	-13.400	0.697	0.639
17.609	-5.422	0.762	0.194
15.031	2.955	0.992	0.147
6.159	-7.979	0.543	0.445
9.162	-2.777	0.739	0.031
15.000	-4.859	0.960	0.756
-8.320	15.005	0.104	0.965
3.032	-2.384	0.224	0.423
14.206	-25.223	0.166	0.048
-5.234	-1.845	0.381	0.963
14.131	-16.156	0.092	0.691
11.492	-10.550	0.260	0.681
0.372	3.282	0.372	0.474
25.554	-13.870	0.283	0.170
11.238	-2.688	0.007	0.120
6.405	9.133	0.789	0.710
3.803	-16.706	0.996	0.141
-1.946	2.998	0.862	0.191
-13.404	3.639	0.636	0.831
12.175	5.942	0.943	0.327
-7.972	-2.384	0.452	0.424
-4.962	-7.886	0.654	0.538
11.622	-11.026	0.391	0.205
-2.601	14.641	0.207	0.602
9.208	5.683	0.785	0.068
-16.732	3.063	0.116	0.255
14.663	-10.524	0.624	0.708
12.056	-10.298	0.825	0.934
3.316	-8.320	0.508	0.104
3.774	42.429	0.966	0.311
-16.725	28.834	0.122	0.755
6.543	11.790	0.927	0.559
-19.270	39.914	0.385	0.604
0.105	-7.906	0.105	0.518
14.320	-5.566	0.281	0.050
3.433	-2.355	0.626	0.453
2.963	-2.536	0.155	0.272
0.835	-2.761	0.835	0.047
6.047	0.405	0.431	0.405
-22.018	14.730	0.444	0.690
11.464	-7.684	0.233	0.740
19.944	-8.150	0.289	0.273
3.040	0.910	0.232	0.910
5.888	20.011	0.273	0.356
3.108	19.939	0.300	0.284
0.486	3.397	0.486	0.589
3.193	-25.186	0.385	0.085
-13.568	3.220	0.471	0.412
14.415	-8.003	0.376	0.421
8.440	-1.898	0.016	0.910
-4.774	0.795	0.842	0.795
6.108	-2.577	0.492	0.231
11.359	0.559	0.127	0.559
-22.034	2.848	0.429	0.040
3.771	-2.803	0.963	0.005
6.109	-4.884	0.493	0.732
3.750	-8.342	0.942	0.081
-21.900	22.595	0.563	0.132
0.667	-4.941	0.667	0.675
-2.740	0.903	0.068	0.903
-5.015	-1.857	0.601	0.951
-2.239	-10.280	0.569	0.952
-8.019	-7.617	0.405	0.807
-2.600	3.665	0.208	0.857
-1.577	16.700	0.669	0.976
0.665	-10.251	0.665	0.980
34.204	-32.831	0.510	0.864
-10.569	-23.150	0.213	0.211
-1.429	6.339	0.368	0.948
26.042	22.523	0.884	0.958
1.965	-10.483	0.168	0.299
-3.109	-3.386	0.485	0.208
-2.999	2.658	0.595	0.861
-4.606	-15.735	0.785	0.438
-10.174	-13.964	0.608	0.413
20.571	2.668	0.804	0.871
5.830	-11.707	0.439	0.872
9.887	2.738	0.902	0.941
3.916	-1.381	0.322	0.416
6.031	-10.659	0.640	0.123
17.320	-9.755	0.068	0.308
1.941	-11.946	0.504	0.993
-3.793	-3.706	0.520	0.607
-17.102	-5.519	0.149	0.231
-32.852	-32.331	0.213	0.734
3.652	22.538	0.777	0.973
12.473	-5.140	0.972	0.611
-19.298	-0.990	0.828	0.448
0.322	-5.463	0.322	0.287
-3.993	10.439	0.320	0.376
0.563	0.023	0.563	0.023
-29.537	10.953	0.653	0.889
-48.055	-27.290	0.824	0.025
-36.836	13.635	0.543	0.696
-15.783	20.932	0.030	0.805
12.301	-40.005	0.800	0.248
-19.308	23.954	0.818	0.953
-32.929	21.691	0.136	0.127
-26.323	6.191	0.991	0.440
-18.003	3.758	0.686	0.882
-22.789	-2.215	0.213	0.660
5.282	-6.464	0.970	0.725
-18.354	6.446	0.335	0.695
-2.766	-15.017	0.109	0.797
-19.577	27.499	0.550	0.185
-2.635	20.163	0.241	0.037
2.954	4.657	0.078	0.344
7.213	0.120	0.025	0.120
-5.404	-15.655	0.347	0.159
-3.679	-7.996	0.634	0.630
-6.500	16.690	0.688	0.877
-5.443	-5.123	0.308	0.628
-12.429	16.358	0.509	0.544
-9.763	0.054	0.301	0.054
-21.196	-20.908	0.368	0.656
4.436	3.066	0.123	0.191
-16.403	-5.726	0.848	0.025
-15.212	6.276	0.602	0.525
8.973	-22.102	0.348	0.900
-19.748	3.714	0.379	0.839
-24.160	18.118	0.280	0.866
8.989	8.032	0.364	0.844
1.477	3.525	0.039	0.650
7.394	-21.366	0.206	0.198
-3.691	4.977	0.622	0.665
-22.996	7.404	0.006	0.216
-15.113	-33.036	0.701	0.030
-6.335	1.608	0.853	0.171
-31.152	15.357	0.475	0.981
-28.213	12.157	0.540	0.656
-8.602	8.077	0.024	0.888
-7.081	6.049	0.108	0.299
-6.491	9.476	0.697	0.851
-28.047	40.497	0.706	0.243
9.288	19.398	0.662	0.709
-16.491	26.791	0.761	0.914
3.199	-2.089	0.324	0.786
-33.972	23.748	0.530	0.746
0.907	13.854	0.907	0.915
-1.973	18.109	0.903	0.857
-1.989	23.666	0.886	0.664
-13.438	10.546	0.938	0.482
-2.486	19.484	0.389	0.794
-12.657	-0.629	0.282	0.809
-22.437	-26.844	0.565	0.471
-20.723	15.876	0.841	0.062
40.465	45.975	0.849	0.856
25.473	41.971	0.163	0.154
17.827	49.549	0.220	0.028
-18.632	32.744	0.076	0.831
-30.030	28.717	0.782	0.105
-13.334	-18.421	0.972	0.286
-4.114	-3.137	0.288	0.164
-18.202	-3.883	0.506	0.518
-36.645	4.257	0.771	0.956
-10.409	18.789	0.596	0.081
8.921	8.424	0.118	0.720
-11.472	20.533	0.633	0.725
8.452	16.180	0.749	0.774
1.360	17.271	0.259	0.764
-10.427	5.555	0.578	0.053
5.006	-8.423	0.604	0.380
10.016	2.575	0.112	0.375
23.199	25.731	0.089	0.421
10.466	21.379	0.562	0.470
-10.972	20.349	0.032	0.541
-3.678	14.043	0.724	0.837
4.428	9.011	0.026	0.208
-15.101	-4.973	0.306	0.529
-24.141	22.105	0.069	0.096
-9.509	12.855	0.395	0.750
0.300	16.169	0.300	0.762
0.520	10.806	0.520	0.902
2.527	-12.539	0.326	0.666
14.629	2.821	0.323	0.620
15.156	0.402	0.850	0.402
-12.907	5.785	0.298	0.283
-14.951	6.146	0.456	0.643
-11.779	0.106	0.326	0.106
4.001	10.267	0.699	0.363
-0.158	3.341	0.942	0.039
5.249	3.744	0.848	0.443
4.869	3.598	0.467	0.297
-17.106	-4.550	0.501	0.952
-6.780	6.023	0.923	0.521
-7.697	0.175	0.899	0.175
-8.713	13.422	0.958	0.527
1.159	4.604	0.085	0.306
-17.748	-16.535	0.043	0.210
-38.979	-2.306	0.789	0.833
-13.743	16.318	0.909	0.619
-9.219	18.866	0.200	0.028
-16.421	4.427	0.324	0.241
-14.870	1.868	0.828	0.821
-24.821	-3.046	0.296	0.093
-3.841	4.770	0.346	0.584
-12.657	0.785	0.948	0.785
1.541	5.472	0.494	0.239
3.962	-2.075	0.822	0.018
-25.383	10.729	0.781	0.264
-27.270	43.887	0.987	0.978
0.030	5.625	0.030	0.392
-11.310	6.849	0.202	0.569
5.810	13.402	0.577	0.844
-0.065	16.747	0.981	0.003
4.776	-9.735	0.590	0.731
-14.293	13.105	0.359	0.546
-10.543	14.909	0.969	0.257
-3.091	5.180	0.049	0.994
2.489	0.744	0.396	0.744
-15.218	-14.052	0.480	0.599
-24.991	-4.446	0.126	0.787
-9.908	19.933	0.139	0.676
-7.632	11.354	0.740	0.470
-13.273	22.597	0.122	0.829
6.831	7.756	0.970	0.220
-5.195	-3.257	0.666	0.929
-12.777	0.574	0.619	0.574
-9.123	-1.211	0.924	0.464
-13.912	-20.751	0.321	0.180
-23.411	-13.275	0.032	0.958
-3.493	4.599	0.693	0.413
-0.049	-7.984	0.789	0.389
-8.360	-0.683	0.849	0.991
-5.006	9.302	0.855	0.092
41.713	-19.432	0.688	0.662
11.293	0.319	0.409	0.319
-26.276	9.052	0.515	0.679
-38.247	-20.623	0.266	0.308
-7.490	-16.083	0.046	0.662
18.790	12.671	0.371	0.112
-20.446	3.162	0.485	0.650
-14.163	-6.286	0.070	0.411
-17.622	-2.613	0.797	0.736
1.373	-8.300	0.536	0.909
1.017	1.340	0.180	0.502
-1.623	0.863	0.889	0.026
-7.494	-14.383	0.878	0.687
-11.800	0.736	0.759	0.736
-2.359	-5.475	0.152	0.386
-15.124	5.581	0.783	0.557
-28.779	-11.612	0.525	0.109
7.574	5.559	0.876	0.535
21.545	-5.148	0.614	0.713
-2.671	0.586	0.678	0.586
5.992	15.928	0.132	0.858
7.372	12.670	0.674	0.111
-0.353	4.346	0.484	0.160
15.979	3.323	0.072	0.812
1.674	-4.708	0.837	0.316
1.873	-8.661	0.199	0.549
6.540	2.030	0.680	0.355
-10.986	1.959	0.735	0.284
-6.400	9.540	0.298	0.330
-19.512	-0.679	0.582	0.995
-0.252	3.452	0.585	0.103
-10.843	1.435	0.041	0.598
6.190	-3.908	0.329	0.278
-7.579	-17.971	0.794	0.448
8.212	10.051	0.677	0.841
-13.997	10.370	0.236	0.323
0.640	-21.232	0.640	0.536
-23.838	-11.320	0.442	0.401
-10.345	1.773	0.539	0.936
-13.306	-7.082	0.090	0.453
21.455	-3.983	0.524	0.203
12.221	-2.759	0.500	0.590
25.637	-3.108	0.520	0.241
12.615	-0.858	0.893	0.817
9.129	-3.793	0.756	0.394
-1.549	-2.773	0.963	0.576
0.063	-5.249	0.063	0.612
-5.060	-13.392	0.801	0.841
-10.814	-11.468	0.907	0.253
1.970	-16.343	0.295	0.402
7.557	-1.527	0.859	0.147
-12.101	-6.354	0.458	0.344
-7.515	-2.227	0.020	0.285
-9.143	1.427	0.067	0.590
-14.162	18.449	0.071	0.030
13.288	-12.749	0.729	0.647
0.419	-5.020	0.419	0.841
27.258	2.077	0.466	0.403
5.176	7.864	0.153	0.329
4.270	10.182	0.921	0.973
-27.857	0.956	0.609	0.118
-22.474	7.561	0.968	0.026
-19.671	-9.743	0.423	0.303
-39.435	1.746	0.753	0.071
-21.737	-4.785	0.869	0.239
0.351	-0.267	0.351	0.570
-28.557	-2.457	0.747	0.054
-28.767	8.453	0.536	0.081
-12.822	2.794	0.574	0.282
-13.303	5.259	0.093	0.235
-6.598	-11.789	0.099	0.770
-3.289	-2.610	0.897	0.739
-21.262	-14.095	0.506	0.975
-30.666	-5.959	0.312	0.739
-15.843	1.826	0.064	0.989
0.289	1.322	0.289	0.484
-14.346	-0.125	0.724	0.712
-20.096	-8.210	0.393	0.571
-18.400	19.968	0.626	0.942
-17.218	16.771	0.345	0.672
-32.732	6.708	0.929	0.853
-6.746	-10.913	0.572	0.796
-6.683	3.460	0.634	0.533
0.627	-11.470	0.627	0.239
0.757	4.406	0.757	0.016
-9.553	8.096	0.692	0.778
1.811	6.015	0.347	0.161
-4.054	15.545	0.337	0.910
2.110	-11.473	0.647	0.236
-11.341	-5.758	0.368	0.097
-8.464	12.138	0.318	0.429
12.504	-4.044	0.796	0.347
3.402	-24.784	0.475	0.097
9.358	-8.550	0.577	0.232
9.304	-2.431	0.522	0.496
22.274	5.289	0.320	0.898
10.908	-22.770	0.663	0.647
-9.623	-3.517	0.622	0.873
24.200	-34.842	0.783	0.284
-4.008	6.219	0.382	0.365
41.573	12.206	0.593	0.498
-3.414	-11.666	0.977	0.043
0.335	-10.787	0.335	0.921
-10.894	-24.288	0.814	0.593
-4.239	-8.432	0.151	0.349
-10.966	-31.962	0.742	0.237
-24.487	-16.570	0.393	0.993
-0.764	7.691	0.699	0.374
1.762	-17.444	0.298	0.119
10.265	27.985	0.020	0.177
13.553	10.423	0.381	0.178
-2.818	-0.551	0.109	0.913
2.229	-21.319	0.765	0.634
9.579	-32.000	0.798	0.199
-2.884	5.160	0.043	0.770
-2.794	8.152	0.133	0.834
-9.675	13.480	0.570	0.308
-11.698	11.931	0.011	0.222
-17.160	-9.675	0.402	0.570
-30.640	-9.311	0.095	0.934
-8.632	0.575	0.150	0.575
-0.721	0.871	0.743	0.871
-16.717	-5.629	0.846	0.225
-28.583	-36.552	0.688	0.037
-30.495	5.957	0.240	0.103
-17.180	6.341	0.382	0.487
-12.979	-3.647	0.193	0.743
-13.687	4.943	0.948	0.553
12.599	-3.649	0.891	0.742
-21.382	12.279	0.571	0.570
-24.786	0.766	0.094	0.766
13.533	3.472	0.361	0.545
6.023	4.499	0.169	0.108
3.431	3.671	0.504	0.744
10.340	-4.385	0.095	0.006
-2.390	4.966	0.537	0.576
-9.318	-37.366	0.927	0.687
-27.048	-37.877	0.760	0.176
10.695	-7.010	0.450	0.308
-26.107	-9.338	0.237	0.907
2.437	4.445	0.974	0.054
-24.319	-3.558	0.561	0.833
-26.879	-5.048	0.929	0.806
-16.820	-6.884	0.743	0.434
-24.258	-7.063	0.623	0.255
16.561	-15.623	0.462	0.477
16.973	34.182	0.874	0.520
1.766	13.448	0.303	0.276
3.389	28.147	0.461	0.340
-18.972	-5.573	0.054	0.281
-34.325	-2.532	0.801	0.395
25.340	28.558	0.460	0.750
-26.982	-5.806	0.826	0.048
-1.213	-1.222	0.251	0.241
0.912	6.169	0.912	0.314
-16.016	3.870	0.844	0.123
11.377	3.106	0.137	0.296
10.241	9.066	0.874	0.636
-6.767	3.956	0.726	0.209
-13.661	18.936	0.389	0.202
-1.362	10.642	0.511	0.338
-21.522	9.388	0.269	0.671
-5.929	3.010	0.609	0.831
-16.827	-1.557	0.606	0.623
-4.030	-10.590	0.328	0.305
-14.959	22.008	0.294	0.217
-12.126	13.990	0.948	0.915
-1.996	19.713	0.183	0.101
-1.474	26.686	0.706	0.536
-16.560	18.244	0.873	0.811
-18.996	34.929	0.617	0.063
9.294	85.756	0.578	0.770
-38.994	35.426	0.231	0.560
-36.939	16.201	0.106	0.947
-27.896	-1.688	0.433	0.491
4.484	-9.984	0.126	0.911
-5.854	17.603	0.683	0.170
-5.733	5.106	0.805	0.747
-16.821	20.564	0.612	0.952
-12.331	0.569	0.743	0.569
-10.612	0.021	0.284	0.021
-19.538	-1.202	0.074	0.977
-25.938	-12.229	0.212	0.846
-10.316	16.153	0.580	0.899
-29.818	11.367	0.689	0.471
13.351	31.401	0.276	0.893
-1.244	20.157	0.935	0.545
-12.872	17.628	0.202	0.195
20.536	-3.401	0.924	0.957
-3.721	40.131	0.637	0.907
-12.603	2.404	0.471	0.225
35.768	8.980	0.902	0.263
-15.180	7.085	0.074	0.547
0.011	-23.237	0.011	0.734
17.759	24.381	0.326	0.410
-6.181	-1.659	0.356	0.520
-8.670	2.286	0.046	0.107
