4.0832	354.1526
4.1334	358.0451
4.3910	347.8123
4.7259	10.2138
3.1010	355.3944
3.6140	339.3586
3.0946	2.7783
3.4704	28.8397
3.3514	21.8808
2.3411	0.5629
2.8403	31.5692
1.5926	26.1145
1.7650	12.9654
2.1251	18.9465
2.8384	45.5138
1.8793	20.5275
1.1751	32.5946
2.0328	61.5313
1.5790	35.2804
2.1495	27.9361
2.2871	24.0210
1.6460	16.4092
0.4866	323.2714
1.3582	20.8770
1.9783	47.0483
0.3530	338.7411
0.9888	41.6384
1.3165	23.3129
2.6865	348.1212
2.4238	350.2851
2.2949	47.2426
1.8560	355.0236
2.2245	333.9763
1.2608	345.2032
1.4549	5.6009
2.4557	336.9117
1.2146	328.8097
1.3951	55.1594
1.4394	310.7179
1.5551	275.8682
0.3651	22.2094
1.9562	314.0058
2.2804	329.6568
1.9382	337.2983
3.1193	305.6722
3.1256	313.1850
3.8045	357.5445
4.1348	355.3112
5.2668	352.4391
4.7684	12.2408
3.1049	8.5946
1.6198	329.8734
1.7145	11.5066
2.6925	60.1786
1.9297	69.7150
0.3435	117.7585
1.8912	81.2101
2.2861	87.0162
1.7072	103.9304
1.3730	79.9751
2.8562	76.4746
1.9114	84.0239
2.1125	129.7570
2.3886	110.3848
1.2302	109.0241
0.7431	120.8447
1.3562	142.1584
1.0588	245.4441
1.3569	224.9701
1.4795	162.4958
1.2213	178.6394
1.3066	223.2943
1.4499	148.9414
0.7567	172.9407
0.5122	241.9341
0.3659	240.3522
1.2880	82.5053
2.3523	48.8782
1.6084	1.2825
0.5885	333.7832
1.3629	292.8398
0.9302	281.6603
0.6480	359.3811
1.8887	325.0477
3.0001	267.8796
1.8079	230.0037
1.2420	281.0476
3.0887	286.9213
1.0580	300.5644
0.7742	247.8413
3.1988	295.3394
1.6900	260.7383
5.2389	10.5699
5.3719	7.9717
4.7425	350.7661
4.1188	5.4753
3.4261	45.5558
1.6592	26.8739
0.4235	290.7461
1.4420	105.7325
1.2148	82.0033
0.4268	65.0561
2.1146	183.7961
1.5701	214.7529
1.1000	233.1301
1.3337	119.2173
1.8502	141.6497
1.6397	148.6947
0.9413	165.4175
2.0821	162.0698
1.3006	167.7483
2.1019	181.6358
2.1892	134.7779
3.2612	175.4625
2.1516	193.6293
2.2528	169.0741
3.4111	134.7862
1.7190	150.9001
1.2662	149.5872
1.2400	66.3706
0.4772	188.4358
0.9228	41.7934
3.5041	27.1866
2.8047	37.4378
1.1387	338.3014
3.1833	26.9756
4.0909	111.8872
2.1455	324.1022
3.7615	350.3273
2.0874	8.0136
2.4794	317.5009
2.7329	267.8820
2.1128	290.7338
2.7126	292.7271
2.0887	310.5537
2.7845	329.0504
3.7492	306.6498
2.6677	291.9689
3.7915	358.3677
4.1547	2.7178
4.4802	346.2088
4.0804	18.0753
2.9716	23.7961
2.8633	354.4686
0.7733	349.3439
1.4268	71.2349
1.6308	2.6712
1.0512	325.8564
0.6241	91.0099
1.2795	251.3102
1.0100	103.2795
1.2281	92.4267
1.4013	99.5295
2.2118	262.7272
1.7459	149.3514
2.5313	144.9412
1.9608	155.3432
1.3955	27.4832
1.5544	75.9638
1.9219	147.5585
2.0585	184.5695
1.4911	157.9417
3.0678	118.9294
2.2678	143.4990
1.4267	154.0636
1.3327	72.2177
1.3680	17.1766
1.8376	41.9339
3.0554	63.8626
3.0303	67.3700
1.9664	47.5969
1.5927	79.2897
2.0695	43.7078
1.9290	20.4830
1.3902	352.1030
1.0546	24.8396
1.6713	293.5587
1.5596	293.7051
0.9080	347.6628
2.2796	326.7770
1.5170	331.0188
1.4823	334.4203
2.2654	313.7659
1.5235	310.8746
4.0432	2.6225
4.1807	350.2223
3.5557	347.3943
2.5390	359.9549
2.3576	42.1462
0.5492	358.4349
1.0315	324.4300
1.0994	47.7649
0.4510	290.6453
0.2751	226.0309
0.4772	300.0576
1.6728	299.3540
1.4800	309.3793
1.0944	33.9369
0.9215	108.4743
1.8454	244.9625
0.6739	246.2879
1.1663	115.0050
0.4303	207.3988
0.1642	272.7927
0.8930	170.9807
0.8722	253.2064
1.4748	262.1666
1.5085	204.5603
0.9049	167.3613
1.0205	228.8141
0.6907	107.9627
0.7220	89.4445
0.3041	175.0955
0.9059	122.9708
0.6173	94.9255
1.3863	34.2403
0.5313	26.1310
1.3566	99.5040
1.1626	88.2255
1.1460	221.1436
0.6823	33.9463
0.4919	8.8879
1.3088	257.9603
1.9280	272.5864
0.5503	7.2025
1.5146	300.4253
1.2472	307.3109
1.8390	349.1239
0.6458	310.1009
0.8585	232.3826
3.8803	358.4937
3.9394	359.1564
3.1302	1.5744
1.5608	21.8150
1.2342	118.6623
1.4247	14.5532
0.2141	109.3658
1.4683	93.2015
1.8724	92.2344
0.5188	19.8321
1.6208	157.9294
1.7018	220.1375
1.1689	225.3813
1.3642	172.3332
1.6944	106.2102
1.0031	188.5421
1.2452	164.8700
2.3012	132.7812
1.3355	169.4726
1.0234	104.8917
1.4396	153.9155
1.8465	192.6062
1.9954	218.0185
2.2997	152.1312
1.7012	142.7394
1.5527	207.8359
1.7343	207.8801
0.6049	208.2174
1.3166	196.4116
0.4403	51.1776
1.4951	43.9702
1.1320	89.6963
1.4451	232.3371
0.7051	83.8124
1.6017	195.4245
1.0989	240.9859
1.6686	330.7620
1.1385	303.3551
3.0652	282.9708
2.2763	255.4204
1.4582	251.0308
4.2587	288.7370
3.1963	326.8469
3.0175	330.1044
3.2004	300.7642
2.7306	313.9762
4.0363	353.3275
4.2365	354.7860
4.6290	354.6700
4.0438	357.2218
2.1143	355.5784
3.1918	332.4154
4.3390	358.7719
2.7781	0.4331
3.0650	334.1790
2.8955	330.8589
2.4753	23.6758
1.7074	258.4795
0.7508	266.0286
1.7343	348.2560
2.7851	24.8628
1.9169	5.8385
1.7727	43.4457
0.2482	303.4980
3.1039	304.0740
2.7499	357.3738
1.4445	13.0838
1.2986	338.3543
1.9688	302.8506
2.5521	338.6530
1.5770	319.9386
1.1030	317.7927
1.8250	21.6732
1.4228	8.8135
3.2166	317.4064
2.9699	325.4805
1.9837	22.2466
1.6779	345.7153
1.4692	349.8068
1.5672	318.6215
3.4405	298.2410
2.8136	312.1189
1.6887	338.0222
1.7897	319.2598
3.0189	290.6982
3.3072	279.6959
2.1645	298.8978
3.2965	317.9017
3.0422	315.6659
2.0056	1.4000
3.6028	308.5654
3.9996	297.0199
3.2699	11.1622
3.3780	0.3053
3.1828	349.3538
1.9714	3.3733
2.4027	38.6300
1.6480	359.7914
1.5733	8.0013
1.9221	38.3665
1.1781	35.6734
1.1271	68.8311
1.6877	80.5879
0.0909	98.2192
0.7963	50.4524
0.8251	63.5902
2.4919	82.9463
2.0770	95.6365
1.3151	94.5357
0.9072	74.9221
1.3746	57.6279
0.6467	62.7614
1.0629	102.1663
0.6113	107.5162
2.1041	298.9038
0.6056	328.4359
1.6200	82.7302
1.4842	329.2878
1.4432	354.2736
0.8802	337.9810
2.2315	274.0344
1.4186	275.9477
1.4415	78.5965
1.5226	44.0155
0.9218	6.9785
0.3109	257.9310
1.6696	271.5788
1.0417	254.7497
0.1705	335.3892
1.1896	351.0048
2.7061	275.8539
3.2210	278.3364
1.0437	334.8836
2.3044	295.6087
2.3413	280.2348
1.5153	320.2477
1.7464	296.3450
2.6614	269.0527
3.3244	3.5527
2.6598	352.6559
1.9986	354.0840
1.5490	14.8885
2.3529	92.2896
1.5426	18.0121
1.6113	43.5918
2.0088	58.6205
1.7229	67.2599
0.4512	116.7354
2.2115	143.7726
1.8521	155.3999
2.1113	150.3022
1.6897	138.9353
2.4910	127.1689
1.5720	161.8763
1.7837	148.0831
1.8274	154.1080
1.8291	161.4462
0.8506	163.1201
1.6793	105.0127
1.1961	89.2814
0.2442	115.2011
0.9127	67.7906
3.2262	63.2126
1.8292	58.1606
1.2685	88.4189
1.4003	18.8749
0.9976	98.3575
0.6067	54.1879
2.5264	28.7969
3.2205	83.5282
1.1825	116.9551
1.0922	85.5892
2.1527	129.0422
0.7791	17.0162
2.0931	36.4319
2.0024	62.5520
1.0552	25.3023
0.9278	235.5392
2.1676	72.7437
1.1239	51.8657
2.6842	0.6404
2.9740	359.7110
2.5384	352.0518
2.3021	349.5638
3.3575	1.0069
2.8387	358.0418
3.2388	10.2621
2.5373	25.7167
1.0394	84.1468
1.7711	356.1149
2.6510	356.8645
2.1202	52.3194
1.2824	73.8828
0.9232	154.6007
2.9231	162.9102
3.9437	194.7938
4.1563	172.8545
3.8733	160.6716
2.6460	150.1504
2.4722	175.3364
3.7070	192.8591
4.2345	166.3543
3.8177	175.1466
2.8032	173.4657
2.8298	160.9632
1.5175	117.2574
0.6617	240.6847
1.3395	66.4588
1.7415	51.5046
0.7255	350.2391
1.1993	300.9064
0.3952	357.9701
1.9737	318.8414
1.9529	5.1413
1.7073	27.5256
1.0516	44.1909
1.2258	243.0796
0.2604	277.7255
0.9520	190.5309
1.4409	335.8720
0.7861	346.3880
0.4558	261.6743
3.1210	278.5870
1.3252	240.3785
0.6214	289.1639
2.3465	339.2325
3.5526	324.0236
2.1256	357.7622
3.3051	315.4413
3.8680	311.3420
4.0788	350.8587
3.3097	357.6796
3.5071	344.9612
2.6875	1.1513
2.5342	32.1348
0.9680	9.0342
1.6499	356.0727
1.3035	33.5804
1.0040	286.0159
1.1793	185.4495
2.1293	166.9166
4.2831	196.2008
2.7214	207.0829
2.3152	190.8294
2.5186	188.0111
4.8194	132.6792
4.3429	170.6309
2.6050	206.3683
2.8573	236.1153
1.6353	202.2048
1.0786	127.3905
0.5205	201.2904
1.3081	265.4400
0.3148	226.9306
1.6252	89.1538
0.7736	339.5740
1.2476	49.8769
0.4936	68.1124
1.3252	357.5349
1.0643	337.7487
0.8727	38.3932
1.5903	45.0764
0.9853	351.3025
0.0582	195.9454
0.2502	49.0510
1.7435	289.2559
0.4242	191.2834
0.3980	295.9213
1.5173	257.9791
2.1418	283.9130
0.7291	319.4498
0.9049	275.9626
0.6194	296.1514
0.8728	313.7002
1.9970	309.2692
1.9712	285.1149
2.9553	345.1785
2.9784	338.2843
2.2075	324.9421
0.5786	327.1339
1.1977	99.8556
0.9111	251.9031
1.1261	245.1645
0.7732	161.6822
1.6771	234.9548
1.3240	179.9567
3.1002	183.6248
4.7668	195.4765
3.7162	190.4965
3.5098	182.9888
3.7696	161.0844
5.7697	206.0632
2.9240	164.3049
2.8049	175.1939
3.0847	213.4428
2.2553	180.9146
2.2058	154.8058
1.8161	194.9009
1.7639	251.3185
1.0662	216.6872
1.3750	257.6113
1.3816	251.2110
0.6310	201.7677
0.9320	265.3844
1.7781	266.6146
1.2933	278.2241
0.2615	21.0690
0.5742	45.4234
0.3895	276.4864
0.1846	277.4716
1.8174	211.1097
2.3413	265.4680
0.5087	235.6539
0.2421	28.3649
1.3637	241.7249
2.6876	234.0980
1.7825	213.4672
2.3457	214.8079
1.3631	312.6215
2.3219	321.7333
3.9148	293.7232
3.7862	300.8937
5.7658	330.6964
4.8349	341.9510
4.7748	346.1500
3.9896	347.5662
2.1157	339.0636
2.3876	321.0179
2.5471	2.3176
2.2472	16.4672
1.0744	58.8991
1.2750	215.8093
3.6398	165.5705
3.0204	176.5645
3.8156	171.6363
3.8553	162.9563
3.9257	159.0442
3.8285	175.3706
4.2823	167.8267
3.1737	167.2950
3.5672	154.0312
2.6464	178.9824
2.6424	145.0950
1.1085	162.3006
0.9511	225.5538
0.4333	113.9625
1.4164	110.1110
0.4564	197.2043
1.0275	126.2119
0.7586	83.7182
1.1151	3.5475
2.5878	17.8678
2.3708	23.5699
2.6777	54.5767
1.3819	333.1568
1.9686	37.9643
1.5648	49.2240
2.7842	23.0473
1.2157	11.0974
1.3999	87.0517
0.9372	100.3267
1.9832	172.9037
2.0208	165.6749
1.8972	135.3203
1.2684	308.6951
1.9709	32.0208
2.5250	352.2614
3.3411	324.5879
4.5088	337.8493
4.1397	338.6664
4.5669	335.8146
3.6796	346.3716
3.1922	9.8666
1.9251	335.8048
2.9976	2.4090
2.3405	13.5909
1.1813	325.6239
1.2190	209.1094
2.8171	177.7622
5.5407	191.2085
5.1069	192.0140
4.8504	182.6943
5.0179	168.4348
4.3944	176.4643
5.5497	172.8058
2.5231	184.2959
1.5761	219.5682
2.1087	197.9538
2.0697	153.7940
0.7185	224.0978
1.6969	268.1426
0.8721	240.7603
0.3792	156.2063
0.7256	313.9949
1.1380	49.2403
0.6170	71.7706
2.0888	324.6664
1.9947	317.6413
0.8693	341.2107
2.0915	295.6094
1.2490	308.2371
0.8164	21.0325
1.6451	320.6983
2.1925	298.4353
1.1799	279.4144
0.6382	243.2743
2.5370	258.4952
1.8028	259.2261
1.1655	259.7699
2.4242	272.4351
1.7984	276.1608
0.4223	310.1009
2.2794	309.9279
3.1838	282.0193
4.0529	340.7380
3.4830	337.8534
3.5894	324.6052
1.7096	4.1931
1.8610	334.1647
2.1634	306.1442
1.7095	316.2562
1.4542	46.3374
1.2345	271.6246
1.1278	250.0386
2.0282	217.2258
4.2317	204.0271
3.3172	215.9613
2.7039	175.6305
2.9328	160.0636
2.5171	187.4187
2.1054	198.5554
2.9436	155.4288
2.3031	175.8169
1.7287	170.9137
1.0577	168.6582
0.9974	181.6087
0.7932	268.8441
1.1787	129.3886
2.5871	95.3007
1.9174	97.7329
0.8142	81.3822
0.9951	136.1808
1.1784	182.7726
1.0581	179.0794
1.8971	94.2018
1.9785	81.5423
0.7246	107.5097
1.1798	176.8417
1.3217	175.7044
1.1180	180.3075
1.2030	159.6669
1.5778	160.6808
3.0288	208.6890
3.5739	220.2674
2.2289	190.9923
2.1940	203.1060
2.4273	193.7271
1.9135	202.4909
1.1959	241.0990
2.4041	242.0172
3.9321	337.9686
4.3428	326.6100
3.3321	343.5066
2.4708	6.6936
1.0941	22.0640
2.6020	319.3796
1.3514	305.5130
1.0773	40.1052
1.1130	283.7741
1.2392	230.6325
3.0495	198.8449
4.8940	215.4860
4.7049	210.4730
3.8962	176.0558
3.3846	168.5307
3.1120	189.8619
2.9601	192.8437
2.0339	156.6239
2.7125	196.0295
1.8432	187.6070
1.8959	190.0237
2.1779	198.3601
2.7251	235.6918
1.1999	156.2120
1.0988	159.3219
1.7098	189.3576
2.3340	205.4781
1.0835	159.9762
1.9038	258.2710
0.5983	181.9155
1.2369	93.1978
1.7072	115.6495
1.7224	164.4064
3.0315	177.2395
2.0360	146.5597
1.7329	196.9083
1.1931	184.7597
2.6534	185.9706
5.1372	204.1652
5.7737	213.9928
5.2523	184.0833
5.3872	206.3367
3.4315	213.3011
1.9170	221.8495
3.0234	270.9855
2.2611	293.7875
3.6670	11.4509
3.5586	19.5704
3.6593	7.9640
3.6556	4.5658
3.6185	45.5934
2.0098	36.6247
2.5141	0.5470
2.3873	11.0605
0.9445	337.7255
0.7470	210.1350
1.3599	165.5652
1.4024	188.4883
1.5581	177.8667
1.2840	168.2263
2.0542	139.7587
2.5843	128.1958
1.5106	132.3706
1.4673	178.8285
1.1035	293.1031
1.2204	342.3519
1.2382	85.2748
0.3831	80.6852
2.2987	193.3047
1.3507	176.3496
1.4470	130.4596
1.9635	161.1314
1.5819	130.1024
1.1760	135.5168
1.6101	64.9788
1.4083	29.0586
0.9871	64.1099
1.7320	90.0000
1.2310	121.8179
2.4328	135.9992
1.6759	104.1606
1.6936	86.2759
1.4797	181.8201
3.8536	161.2924
5.0890	180.0000
5.9557	184.2947
5.9996	179.1596
4.7392	180.5682
3.8413	189.4697
1.8297	163.0308
0.8041	338.8602
2.1457	281.0429
2.6449	7.3856
3.5140	43.1896
2.7079	26.5177
2.0297	41.8047
1.6475	50.2701
0.9717	338.3190
1.4065	45.6625
1.4929	50.3812
0.8960	66.8686
1.1639	261.8003
0.7950	192.2005
0.2573	87.1042
0.5787	229.3450
0.9962	88.7346
1.6741	123.2534
1.3021	148.3118
0.8587	245.4346
0.6932	91.4879
0.7017	84.1107
1.3391	257.6243
1.3286	121.2374
1.0533	221.5748
0.6616	215.5880
0.4766	169.1145
1.1007	119.9192
1.4386	261.2841
0.1502	131.2218
1.1478	169.6103
0.6136	237.5789
0.4747	198.9312
0.6543	148.6908
0.9897	99.8906
1.9056	232.9557
1.7345	163.1426
1.7939	184.2517
2.3648	219.3371
2.4904	215.4387
3.9242	182.9360
6.5571	210.7030
7.9606	190.8244
7.5493	186.6176
6.0981	190.3443
5.2092	206.8159
2.9569	173.8652
1.1474	238.4710
2.2589	266.2180
4.3378	336.6973
3.4265	345.9475
2.4454	357.4687
1.2835	358.4374
1.1649	80.5134
2.4815	355.2613
1.0220	133.8503
0.6953	120.0311
1.1812	7.1491
1.5027	286.7467
1.5756	171.4225
3.0234	231.6480
1.1328	208.2391
1.8403	182.8655
1.1440	152.8526
1.4191	242.8752
0.9672	19.4466
1.4051	356.2049
1.2000	49.3935
0.9300	23.7811
2.4789	61.5740
1.8887	74.9631
1.0743	192.4710
1.1107	156.5508
2.3372	90.7355
0.1824	225.0000
0.7472	130.8758
0.2186	227.0388
0.9903	212.0851
0.9200	199.1637
0.7045	15.1410
1.0191	55.3120
1.6280	196.7431
3.5056	168.0810
3.2431	182.4919
2.9420	197.9361
3.2827	192.8847
4.4518	169.7654
6.1087	197.0882
6.6019	190.1286
7.9095	182.8118
7.0868	177.6790
5.2400	185.0034
4.4923	172.2216
1.6281	156.3162
0.9981	307.6736
3.1541	358.4739
3.2233	0.7288
3.0575	356.9064
2.1221	0.5130
2.0550	63.6843
2.3366	8.3174
0.5314	312.9410
0.3827	37.8881
2.1631	318.6172
0.3640	296.4243
2.0725	176.2098
3.9571	224.6109
3.4180	208.3870
2.5287	199.8824
0.7415	194.4486
0.7917	273.7659
1.2651	174.3750
0.8726	213.4533
0.8333	277.0312
2.1210	359.7029
0.8434	4.2841
1.4355	355.4850
2.3643	284.5006
1.4858	301.7111
1.4975	15.9296
1.6038	309.0783
1.1740	348.6518
1.0844	343.5538
2.3957	297.6561
2.6550	323.0222
2.7426	14.0970
1.4887	11.2722
0.6903	300.4655
3.5506	190.5978
2.6670	218.4384
3.1775	243.8785
2.6537	195.2722
4.8086	193.7877
7.8685	199.2409
8.2208	205.1904
8.6628	193.3144
7.9818	199.3907
6.8411	194.6050
3.9158	204.2611
1.6040	267.1412
3.2178	306.1897
3.3374	352.9261
3.0488	3.8178
3.1670	3.2220
3.0738	31.8493
2.4858	30.0822
1.5336	357.3839
2.1632	13.7729
2.7330	59.6726
2.5938	73.1929
1.6581	96.9279
1.4390	124.2091
1.7820	108.9942
2.8935	154.8874
2.3259	119.0666
2.4870	107.7938
2.2643	97.8689
0.2455	130.3734
1.7451	102.9134
2.0179	78.3058
0.7508	53.1759
1.9727	110.8144
2.2058	100.4744
1.2380	332.7933
1.0546	72.9053
1.5235	65.2012
1.3609	63.4161
1.0780	48.8741
1.8954	84.2774
1.8103	39.8907
2.0027	35.5709
1.3001	63.0605
2.2837	88.5447
2.7835	112.2066
2.5882	138.6183
1.2597	119.5361
0.8938	99.7258
1.4755	188.0258
3.2431	164.2924
5.7928	176.3379
9.8405	189.6940
9.0225	183.9594
8.3520	180.8781
6.8235	181.5368
2.7582	168.4130
0.9671	169.8753
2.1725	265.2473
1.7721	353.8776
0.8300	352.0359
1.0469	354.4637
0.2848	236.3099
2.4396	106.6745
0.5275	161.0842
0.6188	133.8870
1.4233	143.8306
1.7876	166.6090
2.5803	191.4449
2.8992	180.7510
3.8108	178.2556
3.2898	191.9111
3.0523	185.3576
3.4711	164.8187
3.0689	175.6271
2.3086	175.0550
2.6398	184.9331
2.3616	177.8888
2.0119	182.5069
2.1703	179.0496
2.1147	194.2071
2.7086	230.3326
2.1592	159.3912
1.9909	130.0488
0.3354	53.6084
0.7474	280.0169
0.5281	213.5697
0.9489	279.0950
0.6231	269.0804
1.4002	130.1042
0.4569	86.3611
1.8566	217.1415
3.5181	202.5121
2.6186	189.7177
2.7191	206.6122
3.2791	186.0218
3.8116	191.0417
4.9647	210.4492
7.1324	193.6485
6.2393	177.2256
5.4417	184.8808
5.2723	198.7992
4.1005	198.3952
2.8972	238.7954
1.7359	263.0183
3.8688	3.6308
3.8652	17.7599
2.4968	26.7293
1.9300	23.4169
2.9183	79.5564
2.8544	46.0788
1.6577	84.1140
1.3933	88.7663
1.9179	78.2975
2.2706	185.7884
4.2068	173.5305
5.1432	171.7502
4.8660	168.5977
4.7211	170.7731
5.0705	161.2363
4.4364	161.6590
3.0740	163.7346
2.6710	171.2571
3.8525	137.7563
2.4501	167.3875
1.5015	122.2400
1.3698	66.3730
0.2772	220.7582
1.9054	118.5961
3.0229	68.3147
3.5726	38.7049
2.5402	1.7596
3.1571	11.0110
2.2518	49.6471
2.4167	39.0042
3.6028	41.0498
3.5131	38.5630
0.7603	50.0690
1.9495	194.0719
3.4555	160.7366
1.7318	136.7782
0.8704	109.6007
2.7365	164.8973
5.2135	178.6151
5.2924	189.9998
6.3830	162.0703
4.5558	159.7074
4.9420	180.1855
4.5079	182.9373
1.6286	107.2890
1.8096	28.0520
2.4591	342.1692
2.2724	339.6830
2.5312	325.7386
2.4185	353.1130
2.3020	50.0223
2.1114	348.7752
1.1768	345.8339
1.9554	23.7334
1.8929	96.7045
1.8376	164.4058
6.2027	174.1148
6.4218	181.3384
7.6583	182.6719
7.0917	176.7019
6.2890	162.2911
4.1821	173.0092
2.6577	189.6608
2.4374	148.6250
1.9939	146.4135
0.8573	161.0790
0.8510	28.3418
2.1463	69.3190
1.1855	304.4139
1.3795	22.0096
1.6254	32.0278
1.2666	26.0390
1.3097	318.3737
1.8205	33.5068
1.2873	313.6780
1.3840	348.8768
2.0480	359.6643
1.4393	27.3840
1.7150	305.6270
1.2774	304.7973
0.3586	290.9113
1.3630	338.4796
1.3190	317.2120
0.4709	353.6598
3.5753	237.3100
2.0326	229.4293
2.6267	203.3246
2.4852	221.4765
2.5235	249.3244
1.0946	218.8070
2.4221	252.6573
3.1440	273.8117
3.2293	346.5705
2.8619	340.6977
2.5769	324.6200
2.6515	344.9837
2.0375	37.3817
0.8724	331.9661
1.4979	347.0771
1.2954	15.2163
1.5880	109.9184
0.7782	159.9351
5.8781	175.6290
5.1793	176.7570
6.9117	179.1959
6.1606	175.4287
4.5490	147.1588
2.6568	121.5962
1.5899	145.6103
2.1274	115.3846
2.3262	104.0064
1.3120	92.2714
1.2648	148.8109
2.8282	99.4224
0.6366	301.1181
1.3667	63.1162
1.5578	82.3640
1.6389	91.8532
0.4136	37.5348
1.7896	86.8930
0.5331	106.5654
0.6951	91.0716
1.5724	82.8027
2.1966	98.2186
0.9462	55.4197
1.7851	41.9801
1.9863	54.0532
2.8584	34.8409
1.0342	28.7210
1.1563	119.1364
2.0896	142.7791
2.4837	200.0619
2.0123	174.4962
2.2745	170.4590
1.8069	183.7761
1.7906	166.8951
2.6037	181.3205
3.5339	231.2490
3.4343	341.1957
2.3830	15.2551
3.1906	344.1952
3.0001	359.5416
2.2554	4.3227
2.8635	299.7523
2.9590	0.1743
2.5636	14.7572
0.4735	155.5460
3.5709	208.1008
5.3539	176.0158
7.9591	183.8615
8.1637	178.5330
6.3799	173.7550
6.0458	166.2304
4.5681	159.9783
2.1729	148.9729
0.5773	40.6444
1.3304	57.3372
0.4029	107.6255
1.4201	87.6997
1.1382	124.9467
1.3358	220.8107
0.5705	198.1809
2.3254	109.9389
1.1744	81.3317
1.4074	40.0714
0.9400	110.7487
1.6340	90.1403
1.4157	54.2553
2.1032	62.3506
3.6781	58.2588
3.6376	34.5507
2.4727	26.8552
3.5464	16.7488
3.6697	24.2463
3.4112	10.3184
2.2214	13.9362
0.5198	307.5753
2.0051	274.8064
1.9209	42.0670
0.3552	23.3892
0.3188	230.2174
1.7049	203.5428
1.7221	160.5655
1.2791	236.1236
3.5573	351.6922
4.1275	35.5538
3.1736	12.4466
3.6155	23.8000
3.3674	23.5047
3.8352	354.7339
3.2923	14.4583
3.1896	20.4804
2.6565	14.8314
2.4018	207.4719
5.6220	184.9591
7.3694	188.3643
7.0136	168.4690
6.8953	166.4374
6.3083	164.6397
3.7808	140.6349
1.1637	100.5471
2.9233	31.3301
3.4074	55.3772
2.6032	55.9925
2.9352	51.0292
2.4390	57.0658
0.8503	36.1017
1.2147	40.2585
2.4682	61.5452
3.9671	79.7636
3.4449	63.3531
2.8542	63.8928
3.2320	78.4884
2.9768	86.4369
2.9382	65.1445
4.8092	72.2771
4.8028	73.5007
3.9761	58.2207
3.0625	53.8860
4.5737	68.9337
2.7994	34.9333
3.4480	47.3742
1.5020	50.0235
1.2439	309.8469
1.1351	20.0952
2.8857	79.1340
1.9667	84.6025
0.8464	120.1395
2.3368	84.7456
1.1136	105.8959
1.6932	317.0821
2.0800	305.2335
2.2595	313.3143
2.5966	338.0880
2.0047	17.8655
1.8578	323.2720
2.7194	324.3227
2.1392	358.0712
2.8349	305.8431
2.0964	267.2659
7.5021	207.2413
9.8160	206.8339
9.7232	196.3493
9.0512	190.4521
9.4537	162.0595
2.8161	176.9263
2.4647	226.0357
0.8360	277.4225
2.3190	256.5091
1.3054	288.2129
1.6943	282.1987
2.9321	271.5439
3.2513	261.6705
0.5765	242.8571
1.4577	276.6180
2.7534	253.0656
2.4077	252.7993
2.5712	276.4312
1.5136	252.1875
0.9366	236.0554
1.2083	48.7918
0.5347	106.7403
1.5830	270.2534
2.9995	318.5140
2.2095	304.3589
3.8158	328.6010
4.3185	337.0627
3.0387	315.7600
4.0476	270.9626
3.7572	251.9846
2.9380	248.7889
3.4816	278.5397
3.5886	282.8319
2.6020	276.5542
4.3000	257.0723
3.2192	253.5241
1.0559	330.4974
0.4822	67.0511
3.1187	353.5563
3.2011	21.5156
2.8252	24.1972
2.2795	12.2071
3.5113	343.0616
4.5112	17.3063
1.2485	1.6064
2.1181	201.4046
3.1892	198.6338
5.5137	205.8726
6.5330	205.2039
4.7865	177.8089
2.9478	191.1689
3.2924	194.1882
2.2899	221.9909
1.6766	172.7012
0.6332	200.5243
0.9972	271.0343
1.1759	188.5091
1.2164	175.7097
2.7789	220.5342
1.8878	191.0242
2.0413	175.1385
3.1310	209.9469
2.4346	178.7761
1.4178	138.6316
0.4999	131.9191
0.3326	78.5549
0.9414	78.0455
2.2884	86.8938
2.3231	77.7227
2.4616	34.2388
2.1532	31.0322
3.6490	13.7125
3.1689	345.3586
1.4991	30.9965
0.5310	279.3204
2.8811	208.4152
1.6314	208.4030
1.1367	335.5769
1.2957	301.3960
1.1461	11.0158
0.5499	147.9284
3.3015	254.6673
2.3213	304.3267
2.2397	311.6697
4.1064	320.9501
2.1628	347.0689
1.7787	1.6108
2.7432	324.7051
4.0455	331.0211
2.7626	350.9196
1.7718	280.3396
2.6902	205.3077
4.5854	208.2026
5.2614	209.9029
5.4741	208.9296
5.0511	191.9284
5.6509	171.8613
4.8427	192.2195
2.5760	209.0028
1.4991	135.2162
0.1656	190.0882
1.7381	224.8135
2.2357	201.2969
1.5144	204.0432
2.3946	226.0152
0.8043	189.1578
0.2626	148.5497
0.9753	291.4087
1.6872	292.9177
1.4572	357.6795
2.2635	330.8077
1.7896	352.9385
1.6356	31.4744
2.8378	30.9395
1.8174	2.9333
2.1117	349.3020
2.6101	10.6642
2.4251	359.4566
2.0254	358.8967
2.2086	3.2705
2.4736	307.2127
1.5153	298.1548
1.3253	347.7150
1.8663	2.8563
2.4788	301.5227
1.0399	15.1053
1.6138	330.5281
2.6952	301.4195
2.3992	18.3670
2.6494	49.3471
3.2632	57.2352
2.5818	50.3905
3.5016	67.4116
3.4926	69.2923
2.5187	77.7130
1.6196	68.4088
3.7132	81.2480
1.0070	102.2696
3.2840	156.1668
4.1158	159.0594
4.4120	165.6299
4.3008	173.6054
4.2843	139.6482
2.8333	117.1981
2.4584	118.8169
1.3972	80.7332
3.8324	86.1998
2.7906	100.0294
2.2191	97.1186
2.7529	103.5718
3.2791	108.9709
2.4584	117.7846
3.2319	96.6808
2.9680	87.0258
2.3090	89.9007
1.1562	53.0508
2.3441	83.2873
4.2759	87.5605
2.8826	70.4839
3.9790	68.8912
3.5973	74.4725
2.2612	68.9279
3.0067	92.4209
5.0051	77.6326
3.1403	68.0665
2.4171	67.8068
2.2150	69.2986
1.1027	288.7800
2.0012	70.0438
3.1855	91.0433
3.0957	60.3378
1.6936	16.6053
2.4795	73.5531
2.1882	37.1998
1.5808	282.7175
0.0444	238.8150
2.3346	302.3150
0.6243	28.8229
1.7457	127.5526
1.6896	221.1126
1.8426	216.9259
1.8627	146.5403
1.6166	183.8306
2.4077	194.3075
2.9166	196.7388
3.9514	208.1800
4.3505	215.2682
2.8341	186.8291
2.0540	209.1982
1.7909	222.8504
2.0903	224.4185
1.8977	198.0817
1.9383	194.7962
1.3585	236.2865
1.0258	188.6910
1.1042	126.3822
1.8250	248.3268
1.1560	177.6202
0.5563	183.9168
1.2209	193.9338
1.5454	240.7978
0.8148	77.6695
1.5391	290.7783
1.9481	340.3838
2.2115	355.5914
1.1856	36.4253
1.2084	252.4197
1.3739	9.7640
0.6611	115.6348
1.4982	349.6952
1.3755	357.3331
0.3887	8.8807
1.5683	320.1477
1.6583	257.9921
0.1934	164.0953
1.6631	8.9243
4.9693	339.8110
5.3114	3.2271
4.2745	1.5148
5.3583	348.6775
3.0395	335.5514
3.3140	28.0033
3.8549	15.9760
2.3630	51.6848
1.7910	137.1948
3.2543	165.0414
3.1834	175.5861
3.3646	159.6692
4.6268	154.7587
4.6725	170.9247
4.0095	172.3751
4.0158	156.5822
4.2831	172.3523
3.9444	155.3517
3.6659	155.8471
3.6461	146.0920
0.8125	187.7810
2.9130	172.0479
1.4057	110.2269
0.8406	280.6950
1.9290	142.7737
2.1309	147.9433
1.0904	192.3920
0.6733	107.8160
1.5889	106.3020
3.4576	108.4978
1.0783	95.1078
1.7618	70.3309
2.1961	68.5523
3.2038	41.4063
2.3444	53.8486
3.4318	60.8432
3.5821	91.4077
1.9882	86.7418
1.7028	86.1949
3.0148	68.9679
1.2090	82.2519
1.8221	84.2675
3.1234	70.7065
0.7559	23.5469
1.1393	30.3687
3.5705	35.0788
3.0656	24.3914
3.6231	18.6900
4.9090	8.7408
4.8183	352.1390
3.3486	325.1187
3.0883	328.9917
2.8197	325.2560
0.8543	342.7740
1.7378	191.3164
6.2001	212.7930
7.2053	194.5898
6.5484	185.8725
7.1018	194.8992
7.0428	198.1340
5.8987	195.5064
3.9980	218.1741
3.4210	198.5091
2.1251	180.5662
2.8097	176.6743
2.0776	182.8417
2.0270	233.9103
0.1307	125.0279
0.9257	320.5669
2.2248	259.0133
0.5138	83.9676
0.5911	261.7328
2.1395	259.1155
1.1552	292.6580
0.0268	333.4349
2.4522	292.4132
0.7731	8.7800
1.3619	30.5381
1.1200	37.1257
0.9119	24.0071
1.5319	23.6701
2.6349	47.7380
2.4689	64.2653
0.9484	69.4440
1.2154	76.5354
1.8093	87.0854
0.7328	320.2044
1.4775	24.6397
1.6433	15.5670
1.3961	342.7072
1.6581	355.5032
2.3796	28.4606
4.2298	356.7473
6.8470	7.2662
8.6730	0.8654
9.4104	346.0789
2.6441	342.0927
2.4422	350.1211
1.0368	325.6509
0.6190	252.7067
3.4502	121.1745
4.6998	184.6988
6.5556	180.8041
7.4426	176.0553
6.6359	163.2991
5.2646	183.4630
4.0072	184.4799
1.7983	164.7505
1.7356	155.2364
2.1730	187.3768
3.0296	129.2535
12.1836	81.8985
2.1565	178.8043
2.3306	125.0061
3.1065	125.3426
2.1865	142.6008
1.2862	119.1758
2.1121	127.8845
2.3738	163.5805
2.3615	157.2028
2.2820	106.2351
1.1673	101.2137
1.1283	206.9284
0.2540	89.3233
1.7863	117.2536
1.8979	124.6111
2.2586	61.6649
2.2771	83.3931
1.8973	103.3477
1.2192	158.8444
3.0904	124.9191
3.2177	119.5925
1.2259	103.1067
1.5053	95.6424
2.1542	47.2951
0.8113	303.9447
1.9393	69.1258
2.5776	62.4806
4.5867	27.4310
5.8621	359.6872
7.6506	18.1484
8.4735	17.0749
5.6908	306.9142
5.1989	307.1278
3.3368	299.5766
2.5107	272.6710
4.8147	218.7862
5.0211	214.1965
5.1886	204.6980
5.1980	197.6263
6.1248	215.0679
4.8138	205.7985
4.0373	210.3504
3.8964	198.9604
4.1042	191.9670
3.7131	195.0954
3.8592	114.9514
2.6129	126.0322
1.7988	190.9601
2.2070	181.7656
3.1394	177.3345
1.1274	206.8378
1.0863	230.1539
1.2071	202.4008
2.6945	229.0781
0.1647	74.8669
1.3071	24.1138
0.5541	210.5914
1.6744	259.8176
1.2664	286.7036
2.9162	295.6864
2.1509	325.9922
2.3300	17.5095
0.8382	308.6064
1.5121	250.0072
2.3692	295.0724
0.8330	292.0696
2.2207	303.7258
1.6538	348.7376
0.9904	352.5162
2.8768	316.9720
2.5591	299.8310
1.8859	20.9721
3.2636	15.0965
4.2261	357.4910
5.0337	347.3774
6.3670	352.4642
6.0598	352.7952
3.1801	347.5240
3.3391	5.2752
3.4436	345.5723
2.6406	17.0900
2.0653	138.8871
4.9503	186.8451
5.2543	191.7056
5.4685	176.1309
6.1195	165.5891
6.5847	170.5863
4.2859	168.2470
3.6551	161.0495
4.5744	148.9267
1.6537	94.7521
2.7727	97.0020
2.5896	126.7106
0.2767	23.8784
1.9807	124.3640
2.0048	93.9472
2.4382	63.6556
0.6698	87.1760
3.2269	95.3166
1.2318	42.2361
1.4709	55.5537
1.9705	63.0838
2.4000	79.6546
1.9780	63.2277
2.2606	88.7073
1.7637	73.8360
1.2493	40.3575
1.1658	81.5154
1.6349	84.3487
1.4642	97.4162
0.8315	148.3744
2.3291	82.8475
2.0453	70.2538
1.2895	112.7668
0.9878	126.6031
1.9501	106.6880
1.5697	272.6291
1.1118	68.8589
1.4444	57.7844
0.6185	13.6543
1.7225	16.5622
4.3933	24.4299
4.6709	353.5094
4.0237	315.6243
4.4224	309.5501
3.7923	295.3893
1.0685	301.2948
2.1968	253.7429
4.7144	220.8887
4.2186	225.1729
3.8035	202.8505
4.5504	192.8757
3.9375	194.8480
2.3641	196.5646
3.0514	243.0067
3.5376	251.4575
0.8604	204.0031
1.4981	147.0419
0.9848	158.6200
1.2350	257.5618
0.5748	194.3022
0.4923	235.7612
1.6930	257.5152
0.6294	214.7758
0.3611	188.6014
2.5098	271.4612
0.9388	300.9638
0.7273	344.8554
1.1547	333.4571
0.7925	2.0970
1.1028	103.5826
1.1086	220.0967
1.0761	204.6599
0.6115	173.8978
0.9912	92.8335
0.9534	229.5943
1.8265	149.8271
1.9460	157.5862
1.6601	158.9228
0.3670	212.6508
0.6682	146.7856
1.4050	215.2058
2.1139	246.9402
0.7267	198.5347
0.9880	172.2636
1.9216	275.7343
1.3596	15.5286
4.7834	2.1566
4.9747	340.5561
4.8792	340.3470
4.0153	343.2529
2.6818	331.4185
0.8028	294.5857
2.2374	192.3094
3.5305	236.7645
3.4955	186.0596
3.6762	174.1452
3.3464	184.2845
3.1619	216.3698
2.7272	179.3907
2.0553	174.8636
2.0070	180.0571
3.0774	179.0318
1.9378	153.0912
2.3853	120.1769
2.0137	154.5293
0.4572	163.3488
2.1616	107.1943
0.7500	80.6382
2.1853	23.6324
2.2043	14.7171
1.7618	299.3294
1.9346	332.2428
3.2346	46.4155
2.7373	29.9837
0.8512	15.0485
1.1271	173.1209
2.4314	157.0520
0.9681	159.8804
1.6032	97.8875
3.0729	108.0281
2.4250	140.0855
2.5896	152.6433
3.1413	153.8591
2.7316	121.1004
1.3109	119.2244
2.0384	116.2005
1.0444	170.4655
3.2120	223.5493
2.3504	192.0079
2.2417	108.4915
0.7801	0.8814
1.6646	341.6521
2.6805	1.0902
3.9181	336.7918
4.5629	323.4390
3.5682	327.3699
4.1705	324.0231
2.3317	324.7423
0.8047	203.6661
2.3560	232.1378
3.5437	208.7782
3.2061	184.3288
2.5396	174.2827
2.9183	205.8626
2.0979	242.2745
1.5513	231.4383
2.4594	240.9024
0.6987	214.3269
2.4074	22.0047
3.0452	324.6242
3.5333	319.4075
1.6899	8.3363
2.3223	359.0131
3.7128	332.4894
2.9839	347.3983
3.4295	356.2215
3.5423	344.4101
3.8511	0.3422
3.5715	0.9145
2.8587	336.5198
1.9918	1.5824
1.8816	11.9310
2.1718	17.5256
2.0888	13.5107
1.4592	27.8646
1.6824	63.5263
1.6936	86.2759
1.1642	54.2621
1.5565	38.9760
1.9967	46.3190
0.7102	13.6840
0.3700	0.3097
2.7595	276.0742
0.7834	289.3832
0.6017	4.2892
1.7948	21.5761
2.0605	319.2509
2.4373	12.5594
3.0433	352.9030
2.2090	359.6888
2.2426	354.7038
2.4968	27.6324
2.5840	347.5289
1.3891	327.6142
1.8091	81.6728
0.9814	149.7772
0.9996	229.6660
0.9045	169.0379
1.6409	128.3435
1.6690	216.7669
1.5251	240.2411
1.4348	227.6269
1.8342	237.4450
0.7516	244.9693
1.1163	86.3532
0.7006	16.4172
2.2957	338.9123
2.2451	26.9645
2.3856	27.2417
3.1321	352.0536
2.3731	357.6090
2.9682	27.6183
2.8848	352.6311
3.7340	7.6180
3.4849	18.2270
2.5988	29.5835
1.6969	50.9078
1.2913	104.3483
1.9466	114.9458
1.7545	101.5405
1.1638	138.3787
2.0024	112.6463
2.1942	127.0161
1.0896	127.2800
1.6161	125.1750
2.3454	114.4561
0.8638	200.3231
1.3041	158.2149
1.9224	173.4887
1.5870	204.8533
1.2055	189.2123
1.5458	107.7786
1.0829	183.3882
0.6154	120.3570
1.1968	6.5252
1.1034	321.9565
4.2860	312.8348
4.1722	307.0704
2.8563	295.5962
2.0647	267.0572
0.6588	177.2158
1.8004	231.2458
2.4588	237.3376
2.3389	217.8449
3.3264	233.1267
2.6618	225.7611
2.9782	232.1604
4.3774	252.6413
4.0802	253.5415
1.5253	225.5578
2.1845	215.0651
1.2878	321.0831
3.7168	322.1034
2.7330	326.2343
4.8645	338.3714
4.1537	326.7078
5.1215	359.1721
5.7784	348.4295
5.3732	335.0565
6.1918	343.6695
6.6507	353.7331
6.6405	347.8203
5.7200	359.9299
2.0507	358.4632
1.0503	307.6118
0.7325	304.0372
1.0121	345.5244
2.3342	54.9959
1.2698	67.8383
2.0339	158.3921
1.9562	172.8641
1.4511	164.9007
1.2761	303.2667
1.1370	90.0504
0.5730	53.7300
1.5150	256.6425
1.1858	286.1578
0.5052	101.5324
2.2693	359.0153
3.2890	359.7561
2.6381	345.0630
4.6059	331.8214
3.3573	333.8242
3.7666	332.8975
3.6085	310.3016
0.4817	313.5700
1.2842	207.6027
3.0076	238.3763
3.6399	218.5418
3.3841	176.8493
2.5891	200.3178
3.0667	195.9942
2.3156	230.9770
3.7832	235.4236
2.4510	214.5784
2.6186	191.1640
3.4156	224.2171
4.2709	286.9203
2.0912	359.1506
3.0942	336.6580
3.9243	319.4541
2.4213	347.1863
3.7020	4.6171
4.6679	9.0345
5.1218	336.6134
5.6374	4.4969
7.0080	14.6886
5.2821	13.3654
3.5279	345.7904
1.6155	352.0655
0.7084	291.5311
0.6911	342.7449
2.9714	37.7955
1.6002	72.2444
1.3695	105.7615
1.6705	186.1167
3.1398	136.8842
2.7862	103.3430
1.3757	99.7088
1.1906	132.3449
1.2899	103.5407
1.4598	263.7075
1.5226	106.0901
1.4555	72.4863
2.3251	35.2827
1.3978	341.9539
1.9116	41.7132
1.9750	16.0490
2.3068	321.4061
2.1368	349.6472
2.8516	294.7316
0.8412	358.9101
0.2112	2.1713
1.0988	249.3219
2.0969	254.8503
1.7451	148.5689
0.2803	257.8481
0.9727	257.5926
1.0305	293.5052
1.4092	239.3221
1.7548	236.1288
1.2397	222.8426
5.6692	305.1394
36.0985	285.9024
1.5077	27.2789
1.3767	328.2725
1.3487	74.5623
2.2013	33.8128
2.1966	355.5613
5.4167	14.7161
8.0981	352.5643
9.7771	2.3271
10.2432	1.6335
8.0143	3.5411
3.2848	345.4899
0.9444	33.3367
0.8349	51.5653
1.3564	55.5132
1.1737	65.9681
1.5087	92.7353
2.8410	90.0605
1.4889	85.8404
1.8117	72.7252
2.0851	88.1586
0.6587	138.3231
0.0830	91.3804
0.4646	274.8148
0.2873	208.7060
0.2962	92.3215
1.5051	43.7617
0.8232	287.5326
0.9580	68.1208
1.4660	26.9321
0.5386	52.6195
1.2200	283.3642
1.9480	89.7059
0.4177	99.5074
1.1887	86.1410
0.7823	122.4712
1.9233	150.2625
1.9934	183.7969
1.4877	193.0928
1.5057	171.7138
2.0700	208.5088
1.8293	185.7729
3.0778	204.5749
3.5074	209.2910
2.6007	181.3440
2.0563	151.7276
1.8345	159.6487
1.5942	245.1872
1.5082	145.3721
1.8381	144.7450
0.4835	80.5961
1.5893	106.8615
3.3757	19.1435
6.5046	15.8268
7.6201	0.9700
7.7696	19.6523
6.1895	15.7203
3.0927	357.2014
0.3624	174.9344
1.5311	179.4387
1.6467	145.1904
2.4186	148.4918
2.3129	130.5287
2.3146	131.1463
2.0334	191.7189
2.2439	117.4101
2.3400	134.2555
1.9369	172.8823
1.5118	165.2468
1.2862	130.3645
1.4344	226.2429
0.7305	132.4478
0.8717	117.5351
1.1113	5.0591
2.0863	354.5818
1.1028	12.4105
0.6690	314.2732
3.4824	302.9280
2.7428	286.5652
3.9939	304.6888
1.7442	343.3417
1.1776	297.3484
4.1021	269.6229
1.6641	256.4815
1.4413	258.8382
2.5639	219.4765
3.6099	226.2122
3.4760	194.1882
4.0773	218.3174
3.6055	222.0097
2.5300	223.7028
2.3364	167.4925
1.6199	215.4267
1.7854	253.7372
2.0897	185.2441
0.4997	151.9477
1.4484	279.1372
1.1608	29.6347
3.7426	6.4433
4.9389	349.6775
5.6159	348.2879
6.2844	15.0800
5.7618	7.0683
4.0083	359.3281
3.2180	359.7507
0.4595	17.6069
0.2202	47.7613
1.8028	48.3955
2.5797	48.8663
1.9750	66.1995
1.7337	340.8753
2.7033	45.4346
2.3899	50.0072
2.8912	12.0989
2.0213	21.7804
2.3918	42.7635
2.6981	346.9115
2.3245	25.5619
3.2582	21.7622
3.3971	4.4233
3.0692	9.5084
3.7607	13.5485
3.3309	351.8188
